0.658040 0.521261 0.438705 0.242264 0.215499 0.210497 0.737674 0
0.864320 0.052072 0.596086 0.317362 0.626114 0.618362 0.242565 1
0.476072 0.163080 0.477426 0.743454 0.968749 0.391932 0.201065 1
0.222187 0.315738 0.344450 0.651483 0.286078 0.881155 0.805560 1
0.547550 0.766435 0.438993 0.510539 0.092073 0.390003 0.209882 0
0.817468 0.403598 0.742347 0.408506 0.641902 0.876247 0.180462 1
0.125607 0.699834 0.356023 0.529543 0.127854 0.347756 0.549102 0
0.789162 0.236465 0.617767 0.036136 0.650468 0.970762 0.979171 1
0.289131 0.279793 0.557500 0.018848 0.977525 0.743397 0.242754 1
0.473761 0.400186 0.555443 0.722916 0.899233 0.280728 0.818972 1
0.936468 0.732861 0.773683 0.426027 0.713496 0.586602 0.912924 1
0.359933 0.631472 0.275283 0.989152 0.300400 0.343719 0.081806 0
0.011916 0.609796 0.754523 0.713179 0.727438 0.570342 0.350171 0
0.778986 0.940270 0.309390 0.361830 0.468799 0.330921 0.092467 0
0.500541 0.748902 0.524923 0.499831 0.739635 0.749661 0.549448 1
0.382238 0.556919 0.039896 0.770347 0.008713 0.097645 0.774458 0
0.245223 0.543245 0.424077 0.802429 0.566040 0.364285 0.185221 0
0.133293 0.500620 0.512276 0.541238 0.644198 0.874288 0.495075 0
0.211944 0.294577 0.435621 0.226872 0.601605 0.783274 0.459056 0
0.522323 0.711898 0.555273 0.846193 0.244563 0.268483 0.260306 0
0.439208 0.295892 0.824774 0.163547 0.760548 0.455617 0.330735 1
0.132137 0.005196 0.953787 0.264657 0.928127 0.376271 0.716275 1
0.038644 0.075907 0.849087 0.348888 0.090509 0.313908 0.941690 0
0.642449 0.134285 0.257673 0.855098 0.762977 0.248403 0.850609 1
0.454055 0.044898 0.086405 0.495253 0.027160 0.495471 0.780658 0
0.969329 0.466407 0.582513 0.500852 0.032534 0.514825 0.162891 0
0.838383 0.102605 0.403863 0.964285 0.150005 0.215056 0.105288 1
0.908512 0.990678 0.372289 0.644198 0.158559 0.378029 0.532781 0
0.765706 0.540457 0.791316 0.682500 0.644975 0.661070 0.303375 0
0.473896 0.440564 0.132153 0.236816 0.948899 0.271515 0.433008 0
0.452449 0.886883 0.150403 0.499382 0.702766 0.398993 0.762632 0
0.635895 0.640938 0.216996 0.438918 0.468815 0.348080 0.682125 0
0.788361 0.742626 0.627656 0.269796 0.042508 0.181312 0.187484 0
0.048045 0.711182 0.140713 0.815577 0.115771 0.588438 0.136010 1
0.470856 0.119129 0.449994 0.093138 0.031541 0.331660 0.131473 0
0.961195 0.732071 0.942739 0.178790 0.384596 0.101767 0.981276 1
0.272568 0.328386 0.174818 0.512515 0.902818 0.854279 0.959376 1
0.400374 0.611599 0.517738 0.439399 0.628785 0.740027 0.310573 0
0.584184 0.795421 0.530499 0.915015 0.825277 0.150903 0.963376 1
0.318857 0.050557 0.158481 0.664510 0.347622 0.416396 0.177284 1
0.719756 0.207467 0.756104 0.761593 0.802078 0.755153 0.990896 1
0.951104 0.824266 0.364791 0.675937 0.580922 0.404395 0.710504 0
0.553975 0.317790 0.300328 0.378090 0.561893 0.538168 0.389749 0
0.223778 0.683987 0.526690 0.238168 0.916720 0.425319 0.747507 1
0.646449 0.350721 0.766799 0.629133 0.628358 0.479964 0.386053 1
0.553132 0.659652 0.320441 0.663892 0.427805 0.019444 0.861948 0
0.365754 0.189368 0.978406 0.035382 0.239805 0.057363 0.868945 0
0.305912 0.306180 0.748799 0.373819 0.855042 0.204941 0.645657 1
0.638199 0.292515 0.098285 0.304182 0.236480 0.706852 0.741733 0
0.298793 0.338282 0.106969 0.269233 0.357858 0.483195 0.842501 0
0.725697 0.757971 0.344480 0.378388 0.791967 0.033941 0.697679 0
0.242937 0.723645 0.811921 0.257691 0.893642 0.007066 0.975998 1
0.448806 0.352360 0.704270 0.448964 0.366973 0.022161 0.349499 0
0.497422 0.691676 0.726555 0.077778 0.775039 0.130314 0.024267 0
0.270658 0.078559 0.327550 0.808321 0.584374 0.941931 0.752280 1
0.057143 0.360644 0.327505 0.133151 0.492665 0.202800 0.797520 0
0.336700 0.047790 0.028210 0.277668 0.719837 0.097471 0.676017 0
0.578233 0.681994 0.053953 0.817671 0.163970 0.183373 0.256038 0
0.423660 0.355533 0.820088 0.412859 0.671305 0.013699 0.355198 1
0.625802 0.372485 0.336094 0.221081 0.451685 0.131775 0.628821 0
0.409925 0.273062 0.092925 0.223483 0.784839 0.353442 0.419834 0
0.886365 0.805060 0.051858 0.218187 0.117871 0.645300 0.232988 1
0.183940 0.119292 0.248014 0.217292 0.422967 0.371258 0.793440 0
0.530810 0.004118 0.096722 0.874065 0.362672 0.824610 0.177474 1
0.729995 0.246903 0.839867 0.520385 0.952212 0.828447 0.161278 1
0.929712 0.130780 0.429101 0.170616 0.517181 0.114901 0.998373 0
0.233108 0.633179 0.501273 0.133008 0.400197 0.893532 0.341271 0
0.826454 0.735346 0.345260 0.725973 0.086299 0.730497 0.042987 1
0.997595 0.631344 0.025002 0.041142 0.830959 0.330299 0.282391 0
0.503272 0.308737 0.252107 0.254972 0.847706 0.638008 0.864038 0
0.779344 0.823042 0.839048 0.144703 0.216789 0.318149 0.930252 1
0.278460 0.755169 0.147400 0.403840 0.725145 0.308419 0.407820 0
0.087413 0.581016 0.701347 0.197407 0.046417 0.709655 0.115797 0
0.442738 0.970964 0.392980 0.209265 0.158881 0.272638 0.419124 0
0.641354 0.002210 0.445334 0.218213 0.072905 0.490460 0.648966 0
0.175075 0.230577 0.187223 0.931657 0.739228 0.397670 0.603733 1
0.570025 0.519992 0.190513 0.380602 0.156875 0.385869 0.726404 0
0.134437 0.754457 0.714028 0.202657 0.564495 0.572891 0.824260 1
0.504789 0.093776 0.170214 0.885981 0.441543 0.156570 0.461255 1
0.969440 0.324591 0.006761 0.124483 0.017770 0.095426 0.358790 0
0.390705 0.206409 0.361997 0.514893 0.130362 0.786501 0.320067 1
0.068035 0.202906 0.767385 0.301669 0.031539 0.533313 0.913978 0
0.259011 0.276900 0.641490 0.129909 0.111214 0.031971 0.727300 0
0.366485 0.475891 0.213176 0.546825 0.361843 0.968296 0.829678 1
0.263077 0.722520 0.915669 0.279552 0.696925 0.082430 0.897035 1
0.236922 0.098177 0.297938 0.133044 0.960915 0.163213 0.873492 0
0.810131 0.847422 0.226034 0.463278 0.339097 0.619359 0.537641 1
0.150799 0.962595 0.364592 0.389034 0.008585 0.757396 0.565914 1
0.052059 0.076262 0.474725 0.179889 0.935672 0.698246 0.760514 0
0.515232 0.402531 0.950180 0.288475 0.812701 0.924126 0.172106 1
0.134042 0.772020 0.183178 0.118766 0.059319 0.878485 0.384977 1
0.065292 0.591542 0.125592 0.720089 0.712443 0.119149 0.668548 0
0.049167 0.236049 0.369880 0.868097 0.869729 0.905196 0.818721 1
0.182252 0.936516 0.659550 0.084727 0.088881 0.673664 0.817214 1
0.821438 0.126184 0.645044 0.330075 0.043295 0.396002 0.222294 0
0.988553 0.677127 0.869883 0.401948 0.923974 0.771028 0.993358 1
0.806971 0.020546 0.733012 0.790932 0.640398 0.113712 0.031529 1
0.399562 0.926762 0.801993 0.772847 0.981403 0.396592 0.216525 0
0.932974 0.353048 0.775846 0.289391 0.046707 0.732634 0.916817 0
0.289816 0.278638 0.832069 0.800434 0.348384 0.398752 0.617292 0
0.048449 0.236072 0.386774 0.398073 0.560360 0.784210 0.225769 0
0.018686 0.943431 0.114625 0.510449 0.523167 0.280688 0.696068 0
0.015122 0.858160 0.952107 0.261134 0.781842 0.128222 0.445346 0
0.150262 0.386139 0.926892 0.295847 0.860848 0.089093 0.636810 1
0.941877 0.524550 0.321436 0.990267 0.593301 0.131144 0.052433 0
0.074949 0.684635 0.610771 0.432185 0.920734 0.445963 0.543799 1
0.153649 0.593846 0.493840 0.289134 0.845785 0.738235 0.815428 1
0.481646 0.303116 0.925529 0.288269 0.210671 0.567047 0.022738 0
0.719852 0.817442 0.635030 0.573282 0.422849 0.221859 0.138210 0
0.406344 0.056528 0.855650 0.800174 0.369294 0.905309 0.819390 0
0.938715 0.155674 0.484011 0.080790 0.559889 0.394363 0.391382 0
0.009507 0.206452 0.364463 0.361939 0.584049 0.872030 0.670686 0
0.308812 0.184826 0.203781 0.001298 0.038769 0.716266 0.935278 0
0.797653 0.528665 0.965854 0.570105 0.756637 0.124806 0.364285 0
0.128027 0.461292 0.250698 0.819588 0.212311 0.545653 0.471268 1
0.177142 0.780973 0.661071 0.675892 0.988966 0.128375 0.053428 0
0.619268 0.004404 0.764753 0.417743 0.942743 0.232974 0.798851 1
0.459793 0.495532 0.766676 0.616006 0.066340 0.363855 0.474158 0
0.983838 0.732791 0.757276 0.983357 0.988802 0.181874 0.448284 0
0.706796 0.404224 0.535598 0.162132 0.665677 0.893836 0.963629 1
0.272088 0.371120 0.436729 0.281204 0.037578 0.969459 0.908931 0
0.014116 0.813090 0.089885 0.330095 0.943068 0.139008 0.496127 0
0.418194 0.647188 0.364150 0.912855 0.190169 0.732942 0.625015 1
0.428362 0.291856 0.656632 0.784520 0.453889 0.139814 0.469173 0
0.592549 0.172854 0.426997 0.477340 0.015527 0.813410 0.298715 0
0.021218 0.880432 0.936179 0.825753 0.732790 0.624979 0.245626 0
0.642428 0.166857 0.087809 0.839164 0.031810 0.376799 0.595636 1
0.627363 0.058091 0.558228 0.420287 0.479337 0.972339 0.552984 0
0.434989 0.412892 0.112083 0.520606 0.876750 0.234648 0.142336 1
0.329103 0.082397 0.062913 0.340552 0.318671 0.406523 0.019698 0
0.779013 0.220022 0.722702 0.842090 0.781879 0.243678 0.722532 1
0.388963 0.612075 0.138292 0.752696 0.486128 0.042146 0.268320 0
0.712342 0.249364 0.142692 0.999610 0.925283 0.887584 0.159247 1
0.141078 0.084961 0.328572 0.420621 0.502116 0.765512 0.531744 0
0.534901 0.835811 0.078670 0.126929 0.656262 0.499728 0.783322 0
0.147212 0.705721 0.857129 0.150330 0.670369 0.836884 0.946054 1
0.951650 0.226597 0.424790 0.029698 0.559565 0.136500 0.433942 0
0.102774 0.380170 0.667946 0.128083 0.907478 0.800581 0.190880 1
0.184562 0.231857 0.378286 0.286660 0.721355 0.679291 0.012120 0
0.856713 0.918259 0.887087 0.291147 0.106178 0.818209 0.534325 1
0.795403 0.571614 0.550341 0.485456 0.488460 0.382704 0.010672 0
0.906166 0.475944 0.341534 0.969631 0.384967 0.625522 0.367159 1
0.407235 0.740864 0.036329 0.753133 0.704871 0.206189 0.805645 0
0.099860 0.877516 0.781010 0.055740 0.974795 0.002903 0.360853 0
0.846491 0.447833 0.684588 0.798968 0.062805 0.636680 0.573610 0
0.262121 0.280509 0.653412 0.774420 0.713629 0.621035 0.279490 1
0.573891 0.416881 0.263792 0.682921 0.565332 0.237638 0.060654 1
0.660786 0.040021 0.220931 0.773537 0.355924 0.293876 0.779758 1
0.987023 0.268849 0.935625 0.856058 0.876884 0.206856 0.147601 1
0.539664 0.805642 0.560532 0.451520 0.611898 0.453638 0.880056 1
0.379341 0.988899 0.196325 0.231454 0.791180 0.323011 0.773844 0
0.721112 0.464719 0.130955 0.421027 0.966545 0.592707 0.737833 0
0.949392 0.404664 0.817321 0.817448 0.813089 0.040533 0.505669 1
0.848874 0.424610 0.139966 0.451624 0.275833 0.412675 0.718027 0
0.544341 0.065165 0.237993 0.934020 0.437102 0.898396 0.716337 1
0.316992 0.717013 0.567359 0.320941 0.082515 0.796531 0.319369 0
0.436535 0.744973 0.284056 0.805850 0.221689 0.342843 0.208596 0
0.208155 0.774736 0.472134 0.115118 0.060998 0.564624 0.898811 1
0.335673 0.189482 0.825549 0.001018 0.943835 0.784436 0.475243 1
0.645713 0.296618 0.216298 0.627390 0.098538 0.852415 0.032425 1
0.580963 0.247456 0.760565 0.841700 0.131481 0.330525 0.976948 0
0.883300 0.163658 0.506162 0.985120 0.481094 0.846905 0.447143 0
0.073214 0.064992 0.922260 0.140379 0.979769 0.048071 0.161341 1
0.175061 0.541938 0.181313 0.446726 0.703280 0.468266 0.519303 0
0.505620 0.936228 0.002352 0.154045 0.184064 0.381653 0.294713 0
0.412528 0.923072 0.953197 0.318908 0.691127 0.166025 0.841720 1
0.390119 0.853882 0.060657 0.476111 0.939006 0.774728 0.787073 1
0.716212 0.805156 0.741209 0.550333 0.280965 0.879706 0.796941 1
0.648707 0.813587 0.517612 0.458885 0.475420 0.233125 0.109995 0
0.062269 0.403289 0.084963 0.638382 0.734198 0.053793 0.290484 1
0.760850 0.892257 0.365816 0.046088 0.937673 0.428285 0.259377 0
0.575543 0.096108 0.157410 0.365037 0.712199 0.549847 0.811977 0
0.872040 0.683603 0.615071 0.545662 0.977069 0.093980 0.275555 0
0.020938 0.972158 0.465388 0.153305 0.622911 0.466975 0.723823 0
0.626315 0.811568 0.872701 0.015598 0.206980 0.660727 0.060702 0
0.861955 0.057071 0.825149 0.571097 0.782704 0.539031 0.620278 1
0.285762 0.548974 0.935354 0.360638 0.959912 0.869324 0.659911 1
0.655830 0.316337 0.334326 0.927038 0.862384 0.314738 0.322155 1
0.092602 0.428296 0.355031 0.065958 0.636621 0.605089 0.074488 0
0.548334 0.132284 0.148121 0.365524 0.049100 0.260728 0.542385 0
0.837040 0.384592 0.146204 0.377000 0.536718 0.233896 0.650790 0
0.741004 0.386621 0.391795 0.722809 0.523919 0.492053 0.541505 1
0.353991 0.614537 0.250156 0.649486 0.334823 0.672034 0.745039 1
0.953782 0.995783 0.762634 0.860509 0.045339 0.411524 0.580278 1
0.529037 0.281300 0.291760 0.136021 0.778594 0.010301 0.156903 0
0.496065 0.863775 0.749341 0.047745 0.082007 0.483830 0.589071 1
0.485205 0.863712 0.241057 0.724811 0.156232 0.055453 0.933503 0
0.320400 0.530517 0.681182 0.631905 0.399518 0.316948 0.663574 1
0.934308 0.581680 0.008089 0.929632 0.853849 0.168194 0.293927 0
0.534735 0.927030 0.984037 0.901321 0.003106 0.230975 0.680603 1
0.629122 0.855080 0.117872 0.036935 0.585289 0.489214 0.043966 0
0.601523 0.881332 0.829743 0.079930 0.798079 0.127742 0.959390 1
0.002169 0.850128 0.851147 0.248508 0.249068 0.933833 0.276441 0
0.388407 0.469574 0.837694 0.624085 0.659974 0.860136 0.809056 1
0.601599 0.474636 0.064744 0.296377 0.358679 0.714332 0.508281 0
0.198860 0.414264 0.576261 0.343276 0.177966 0.244794 0.426714 0
0.567686 0.830565 0.225653 0.508946 0.011351 0.074467 0.388461 0
0.793765 0.541849 0.729215 0.037158 0.665588 0.969869 0.109564 0
0.411312 0.085337 0.501846 0.169484 0.441806 0.887923 0.567695 0
0.817108 0.541756 0.127903 0.397945 0.478194 0.942135 0.487445 1
0.091841 0.147833 0.106556 0.495507 0.481959 0.005841 0.799847 0
0.657059 0.322200 0.784843 0.832043 0.191228 0.453738 0.390724 0
0.841677 0.319169 0.193724 0.717681 0.592827 0.265174 0.200468 1
0.626441 0.162334 0.500204 0.294007 0.004902 0.819432 0.356933 0
0.311098 0.979467 0.950424 0.092281 0.820696 0.043837 0.484714 0
0.600683 0.669140 0.834423 0.187198 0.096548 0.739764 0.885027 1
0.289536 0.549267 0.981278 0.129750 0.606801 0.804624 0.897044 1
0.997048 0.767002 0.099834 0.517297 0.833174 0.232246 0.448598 0
0.948267 0.927206 0.327077 0.169052 0.881874 0.112115 0.828229 0
0.281604 0.603923 0.238751 0.922215 0.729365 0.689010 0.187431 1
0.697575 0.894694 0.346038 0.167546 0.349318 0.974268 0.187336 1
0.176167 0.026372 0.743176 0.701463 0.546517 0.835407 0.080158 1
0.401326 0.395138 0.579628 0.070442 0.664125 0.296500 0.570152 1
0.423067 0.770460 0.860612 0.339308 0.380349 0.603334 0.346770 0
0.866373 0.972210 0.712011 0.955213 0.983014 0.105143 0.142372 0
0.421294 0.156474 0.924605 0.259998 0.097660 0.382561 0.756568 0
0.203904 0.003435 0.908395 0.430149 0.547258 0.918201 0.561731 1
0.430563 0.312464 0.821437 0.251794 0.789867 0.316438 0.138759 1
0.565723 0.393708 0.496983 0.960816 0.991275 0.648774 0.689520 1
0.351559 0.831006 0.321901 0.589778 0.168896 0.797012 0.876850 1
0.118501 0.576654 0.788537 0.169006 0.066791 0.049893 0.090713 0
0.414931 0.213815 0.034269 0.823714 0.472890 0.265612 0.353818 1
0.688999 0.445303 0.997364 0.591988 0.707123 0.055760 0.721524 1
0.082532 0.758239 0.830034 0.474444 0.368799 0.795120 0.133482 0
0.112071 0.239675 0.342072 0.261469 0.334306 0.447808 0.847544 0
0.316862 0.863516 0.502388 0.842936 0.239597 0.720128 0.957962 1
0.042614 0.192255 0.137646 0.960188 0.847854 0.777303 0.728589 1
0.869033 0.090881 0.617755 0.021858 0.574281 0.072442 0.858383 1
0.847287 0.261689 0.998528 0.864155 0.941701 0.289614 0.004489 1
0.115438 0.532178 0.402110 0.043842 0.884192 0.828752 0.100303 1
0.232081 0.934927 0.265931 0.010150 0.860275 0.320807 0.486608 0
0.327876 0.925141 0.861610 0.579749 0.920571 0.918821 0.616581 1
0.674268 0.753573 0.576146 0.220289 0.482326 0.803361 0.264463 0
0.262487 0.059276 0.160617 0.661526 0.342194 0.274089 0.040587 1
0.949243 0.960411 0.162920 0.275726 0.324086 0.878656 0.743768 1
0.132518 0.276558 0.006054 0.682314 0.945106 0.007341 0.630386 1
0.431420 0.026809 0.463863 0.127959 0.604883 0.320167 0.150448 0
0.626581 0.101414 0.088108 0.597358 0.101698 0.770678 0.530115 1
0.789296 0.560356 0.775798 0.426475 0.142165 0.793530 0.622335 1
0.759176 0.872230 0.207100 0.092411 0.277835 0.731490 0.960490 1
0.541750 0.440035 0.560483 0.489725 0.235320 0.791564 0.154574 0
0.787582 0.316501 0.294919 0.514729 0.614948 0.058705 0.538011 1
0.244741 0.539412 0.752899 0.807158 0.559260 0.206025 0.911888 1
0.839946 0.008384 0.721914 0.334567 0.196439 0.160441 0.880915 0
0.778526 0.603956 0.763953 0.016909 0.451313 0.787516 0.643483 1
0.242630 0.219653 0.580996 0.575929 0.006744 0.697886 0.037572 0
0.687209 0.492479 0.517991 0.825894 0.117086 0.069237 0.247277 0
0.327197 0.291694 0.581759 0.779512 0.046617 0.192411 0.977845 0
0.130766 0.687959 0.068423 0.030002 0.365908 0.859348 0.628607 1
0.754280 0.141073 0.685721 0.509084 0.803618 0.313437 0.367898 1
0.852663 0.528258 0.262006 0.456540 0.426337 0.750415 0.546006 1
0.029072 0.163725 0.863866 0.570367 0.301231 0.487976 0.171142 0
0.378139 0.002888 0.754913 0.045300 0.566811 0.082236 0.525693 1
0.050664 0.924490 0.528211 0.626258 0.406567 0.958214 0.603096 1
0.245997 0.729167 0.098978 0.683344 0.347007 0.682932 0.868995 1
0.218208 0.702213 0.880890 0.064356 0.539171 0.509383 0.381826 0
0.352281 0.577130 0.906018 0.945179 0.238884 0.290928 0.524762 1
0.293389 0.504846 0.538636 0.007516 0.075067 0.437889 0.231062 0
0.392508 0.765068 0.687872 0.747444 0.244901 0.517518 0.051735 0
0.928541 0.780556 0.973298 0.359324 0.748919 0.559774 0.220092 0
0.606344 0.932694 0.838562 0.397838 0.625785 0.666055 0.435481 0
0.262152 0.452139 0.461641 0.330544 0.027801 0.760688 0.492835 0
0.568910 0.251476 0.727895 0.738421 0.954254 0.177355 0.632310 1
0.336473 0.349758 0.675431 0.060755 0.067175 0.035775 0.153633 0
0.281646 0.719097 0.964422 0.155075 0.600470 0.007328 0.459931 0
0.256890 0.653675 0.603975 0.860789 0.393953 0.394369 0.578171 1
0.082232 0.247010 0.128877 0.846113 0.304002 0.697784 0.122225 1
0.589570 0.176895 0.458292 0.826143 0.426923 0.574702 0.025943 1
0.303877 0.022971 0.462890 0.162468 0.829232 0.335934 0.200178 0
0.046943 0.440746 0.523864 0.781108 0.098970 0.331340 0.524902 0
0.802999 0.674476 0.629021 0.789788 0.860413 0.032004 0.128594 0
0.990866 0.884849 0.782304 0.724126 0.037693 0.249698 0.016847 0
0.062112 0.217512 0.429127 0.202620 0.691046 0.008841 0.808976 0
0.499011 0.122264 0.746139 0.091268 0.172474 0.997000 0.417552 0
0.518016 0.074565 0.275140 0.524950 0.827405 0.355526 0.704266 1
0.920770 0.618657 0.716597 0.446491 0.064817 0.927881 0.597599 1
0.453074 0.651580 0.111348 0.474749 0.635726 0.300704 0.161716 0
0.099815 0.453596 0.162693 0.501526 0.047216 0.238555 0.017469 1
0.295239 0.925579 0.778018 0.435852 0.801648 0.966409 0.666392 1
0.771910 0.472357 0.651518 0.111772 0.736249 0.711120 0.280433 1
0.093924 0.543910 0.675979 0.025617 0.102896 0.985616 0.113414 0
0.640693 0.813340 0.784720 0.879426 0.349819 0.482940 0.104317 0
0.050281 0.258086 0.413095 0.843111 0.440194 0.935606 0.073898 1
0.403443 0.476688 0.670838 0.228613 0.555282 0.604061 0.027718 1
0.866906 0.541526 0.846735 0.291463 0.629339 0.160935 0.512317 1
0.093138 0.161818 0.420047 0.659757 0.067994 0.144619 0.612857 1
0.172863 0.557502 0.365105 0.418783 0.490046 0.435276 0.927480 0
0.504921 0.565509 0.409596 0.940601 0.914908 0.910511 0.968614 1
0.923059 0.113601 0.407015 0.889830 0.266760 0.981360 0.287995 1
0.988664 0.604917 0.546945 0.425871 0.637642 0.708923 0.135872 0
0.257684 0.340827 0.065711 0.437487 0.748554 0.875529 0.692945 0
0.333773 0.715167 0.033951 0.904492 0.432201 0.214133 0.874725 0
0.781058 0.124706 0.988769 0.445305 0.750770 0.512820 0.611184 1
0.163126 0.070615 0.233190 0.711218 0.052274 0.304462 0.847834 1
0.848680 0.118814 0.055141 0.306143 0.925055 0.623954 0.553877 0
0.233986 0.892887 0.507479 0.486252 0.553224 0.774095 0.935003 1
0.254307 0.747110 0.203787 0.498982 0.307668 0.109733 0.766231 0
0.665146 0.911472 0.209412 0.945090 0.879973 0.301975 0.872398 0
0.484076 0.204181 0.647581 0.109728 0.021475 0.959030 0.140620 0
0.441637 0.456795 0.793143 0.716339 0.734907 0.770589 0.999970 1
0.297363 0.804960 0.489875 0.638353 0.059684 0.702821 0.748939 1
0.583382 0.975765 0.431671 0.166179 0.526766 0.816385 0.571986 1
0.757282 0.100977 0.924269 0.497477 0.338969 0.423828 0.749122 0
0.993822 0.224921 0.047887 0.547076 0.334680 0.958469 0.412010 1
0.061034 0.209550 0.365666 0.193761 0.579494 0.331430 0.193564 0
0.476784 0.538640 0.866310 0.998433 0.264259 0.578334 0.542799 1
0.173788 0.485462 0.260627 0.604209 0.275564 0.286688 0.188715 1
0.199834 0.132604 0.093059 0.764975 0.904775 0.648980 0.253047 1
0.554463 0.306266 0.501763 0.104335 0.815410 0.729378 0.223585 1
0.257317 0.339986 0.341560 0.875427 0.311118 0.597057 0.326034 1
0.717637 0.307903 0.494432 0.348781 0.857445 0.604049 0.518171 0
0.278274 0.296292 0.092485 0.205358 0.394679 0.887544 0.205069 0
0.762722 0.690663 0.249137 0.505693 0.581082 0.477334 0.206809 0
0.661132 0.630432 0.349098 0.475785 0.174016 0.883954 0.555218 1
0.803590 0.492321 0.529318 0.872471 0.121680 0.095918 0.025112 0
0.898395 0.099854 0.485597 0.220764 0.832555 0.395362 0.773781 0
0.722246 0.502261 0.182412 0.661829 0.280076 0.695525 0.782872 1
0.075187 0.185611 0.644593 0.706407 0.690679 0.087758 0.907583 1
0.646387 0.799291 0.589854 0.628718 0.750037 0.211989 0.351352 0
0.695947 0.809725 0.431612 0.330751 0.044519 0.830732 0.196999 1
0.507013 0.414128 0.733008 0.746730 0.793073 0.328204 0.010857 1
0.700946 0.629344 0.285785 0.467647 0.113401 0.182384 0.139506 0
0.735838 0.816657 0.661126 0.336585 0.740480 0.764179 0.518440 1
0.017489 0.641842 0.245225 0.342201 0.700941 0.851711 0.691900 1
0.752756 0.536891 0.620537 0.188633 0.910405 0.222639 0.253702 0
0.796519 0.454905 0.693626 0.815115 0.477227 0.939517 0.757009 0
0.292933 0.796247 0.209765 0.673907 0.253963 0.392105 0.224521 0
0.607850 0.808949 0.013419 0.007803 0.460042 0.170047 0.817512 0
0.754932 0.436450 0.881657 0.571892 0.230320 0.002442 0.565896 0
0.252268 0.018121 0.590769 0.784871 0.525764 0.809241 0.672912 1
0.068508 0.970191 0.188463 0.965395 0.221796 0.756553 0.333960 1
0.763064 0.021648 0.901875 0.028567 0.249437 0.879125 0.018973 0
0.820878 0.170230 0.236950 0.096116 0.549005 0.937816 0.615306 0
0.705899 0.914034 0.030052 0.739142 0.429834 0.284631 0.035382 0
0.502857 0.090279 0.645953 0.982189 0.172689 0.544178 0.829609 0
0.417665 0.654741 0.345294 0.260069 0.880560 0.876779 0.352122 1
0.212997 0.109854 0.628860 0.353904 0.420699 0.794107 0.284090 0
0.325117 0.878255 0.853512 0.218158 0.842327 0.762173 0.067601 0
0.272104 0.959212 0.244872 0.697060 0.372439 0.347676 0.945166 0
0.839470 0.860970 0.466324 0.983440 0.759895 0.451512 0.908716 0
0.550249 0.049097 0.456048 0.429091 0.016340 0.579982 0.579960 0
0.181409 0.394349 0.259443 0.294345 0.778883 0.150221 0.986639 0
0.087803 0.864220 0.472708 0.538011 0.864427 0.715316 0.674153 1
0.227940 0.486828 0.658979 0.734588 0.486500 0.220502 0.710828 0
0.172281 0.571670 0.361441 0.428953 0.152707 0.732088 0.031035 1
0.463381 0.191507 0.345522 0.320737 0.039314 0.011614 0.558924 0
0.294770 0.529229 0.899202 0.078733 0.277877 0.829695 0.071534 0
0.114670 0.274592 0.126498 0.307654 0.467730 0.113426 0.478259 0
0.915738 0.467595 0.066251 0.246401 0.366677 0.585478 0.381582 0
0.227737 0.897650 0.231055 0.312327 0.106544 0.619989 0.616661 1
0.894899 0.418477 0.714794 0.354127 0.750980 0.148811 0.682407 1
0.281063 0.258955 0.702653 0.174308 0.323837 0.751192 0.629042 0
0.889661 0.411080 0.540604 0.176947 0.854112 0.212622 0.398382 1
0.199202 0.616875 0.855411 0.131393 0.676382 0.307198 0.580503 1
0.685035 0.289796 0.379735 0.611258 0.522167 0.971010 0.983977 1
0.106087 0.278049 0.532611 0.153426 0.940172 0.793274 0.215948 1
0.875402 0.748953 0.489466 0.297002 0.566662 0.425323 0.512398 0
0.476828 0.229200 0.970544 0.419436 0.430951 0.185963 0.926948 0
0.066113 0.191267 0.252916 0.450747 0.283147 0.061153 0.188526 0
0.897136 0.841258 0.345493 0.321013 0.108697 0.005893 0.277119 0
0.646358 0.563965 0.132650 0.407563 0.370969 0.071674 0.303165 0
0.107478 0.601079 0.914189 0.337410 0.011953 0.983977 0.630524 1
0.909846 0.794291 0.958021 0.640553 0.928362 0.418287 0.732881 1
0.280761 0.716082 0.757509 0.466948 0.183119 0.578864 0.984274 1
0.430856 0.388703 0.447009 0.696031 0.162175 0.604008 0.632767 1
0.650845 0.299055 0.498304 0.013858 0.909400 0.272146 0.842550 0
0.503706 0.420739 0.530923 0.468740 0.045227 0.422623 0.289782 0
0.787595 0.612311 0.145448 0.961749 0.010242 0.866754 0.033766 1
0.183274 0.669575 0.973447 0.588784 0.010728 0.696096 0.756016 1
0.246156 0.802765 0.689317 0.355681 0.448937 0.574562 0.923555 1
0.576938 0.627503 0.309413 0.946011 0.474266 0.818330 0.628208 1
0.101254 0.586967 0.205130 0.102444 0.284831 0.262802 0.729923 0
0.905049 0.831478 0.648086 0.752548 0.568371 0.773961 0.331133 0
0.824872 0.234718 0.477939 0.899916 0.689699 0.395199 0.766477 1
0.475990 0.908692 0.075243 0.859299 0.218172 0.789177 0.082230 1
0.527473 0.485650 0.945101 0.799986 0.872150 0.235527 0.388332 1
0.664368 0.340176 0.173019 0.882998 0.049642 0.400813 0.825632 1
0.635502 0.464266 0.897345 0.953407 0.658165 0.248367 0.143939 1
0.291380 0.673183 0.045677 0.267866 0.686823 0.971715 0.549069 1
0.123396 0.491236 0.487039 0.098692 0.042843 0.161179 0.860460 0
0.759886 0.354221 0.392516 0.896372 0.829382 0.280707 0.751917 1
0.912208 0.810407 0.218215 0.894295 0.809353 0.958802 0.683297 1
0.857719 0.736348 0.292391 0.906823 0.664246 0.499534 0.843371 0
0.989045 0.071012 0.909655 0.717614 0.276039 0.393891 0.671799 0
0.864244 0.836009 0.178250 0.715376 0.092056 0.992077 0.819363 1
0.097774 0.528848 0.700295 0.205812 0.177206 0.469485 0.523959 1
0.252505 0.238853 0.748312 0.217677 0.082354 0.787856 0.611390 0
0.429557 0.402600 0.047168 0.576103 0.779721 0.142633 0.273526 1
0.093972 0.462633 0.516251 0.576443 0.801262 0.418655 0.065097 1
0.466657 0.590098 0.427478 0.039159 0.978245 0.840540 0.536044 1
0.384694 0.536521 0.290272 0.343352 0.613070 0.516524 0.157546 1
0.894494 0.706734 0.478885 0.903762 0.645230 0.357644 0.202205 0
0.450324 0.312133 0.060380 0.448124 0.954739 0.859465 0.550089 0
0.973015 0.534028 0.316531 0.015070 0.623427 0.274542 0.652815 0
0.989749 0.882354 0.515924 0.296046 0.342865 0.078925 0.625092 1
0.981201 0.180606 0.874694 0.086690 0.264365 0.337614 0.444300 0
0.343447 0.869689 0.898630 0.783700 0.232530 0.879798 0.339683 0
0.160015 0.351059 0.664630 0.550127 0.947429 0.536974 0.008927 1
0.397371 0.507365 0.386464 0.640313 0.663606 0.844146 0.369711 1
0.122389 0.335729 0.070162 0.027915 0.720016 0.435845 0.997962 0
0.909910 0.576402 0.903153 0.264806 0.409513 0.915030 0.470422 0
0.322702 0.353356 0.153994 0.163608 0.828311 0.201941 0.821264 0
0.410902 0.659535 0.112367 0.333809 0.673207 0.331235 0.401772 0
0.191688 0.197738 0.720881 0.885374 0.199195 0.331414 0.719373 0
0.355998 0.133928 0.749582 0.353324 0.228487 0.982890 0.465520 0
0.742888 0.073693 0.899680 0.434372 0.962923 0.408457 0.864369 1
0.428263 0.115723 0.976890 0.725293 0.969064 0.614628 0.924507 1
0.399004 0.137831 0.214429 0.407945 0.780363 0.248927 0.282260 0
0.607251 0.316918 0.955741 0.773631 0.714596 0.426011 0.085792 1
0.803196 0.389083 0.475671 0.268329 0.079016 0.062095 0.145528 0
0.776357 0.142094 0.268728 0.295630 0.890212 0.544111 0.687535 0
0.833011 0.046029 0.713345 0.571387 0.589972 0.860748 0.112006 1
0.951195 0.669734 0.618040 0.479007 0.311590 0.266172 0.025848 0
0.473871 0.998819 0.699145 0.833981 0.769189 0.567927 0.960920 1
0.881546 0.268693 0.109078 0.470695 0.169861 0.847309 0.742326 0
0.189313 0.886166 0.992450 0.722637 0.739128 0.150435 0.437115 0
0.771724 0.550222 0.093050 0.005506 0.131314 0.751546 0.488184 1
0.982255 0.966657 0.709490 0.653309 0.275825 0.047934 0.795316 1
0.528194 0.440122 0.271349 0.326317 0.059480 0.163469 0.368999 0
0.442101 0.110500 0.125460 0.849094 0.218091 0.251289 0.860946 1
0.096707 0.880867 0.974653 0.310291 0.029872 0.465284 0.364743 0
0.252486 0.294534 0.043576 0.859703 0.301907 0.860616 0.854330 1
0.348844 0.075568 0.892187 0.445939 0.098023 0.109964 0.598094 0
0.554084 0.884498 0.102738 0.667901 0.901721 0.764798 0.782192 1
0.788358 0.676130 0.699293 0.885623 0.944228 0.147746 0.290728 0
0.611688 0.032890 0.091241 0.490241 0.582910 0.475022 0.189936 0
0.465347 0.164752 0.726187 0.164704 0.770988 0.099434 0.063559 1
0.739418 0.417197 0.010720 0.032661 0.411402 0.747950 0.945859 0
0.348405 0.118026 0.399435 0.321162 0.717846 0.677533 0.319273 0
0.178101 0.014731 0.808005 0.314855 0.986184 0.325805 0.451779 1
0.590589 0.928947 0.727724 0.931543 0.459330 0.961080 0.019273 0
0.954027 0.681696 0.401598 0.381663 0.657714 0.105863 0.422692 0
0.139193 0.344215 0.149042 0.645204 0.769614 0.021888 0.210682 1
0.213559 0.013720 0.482221 0.057532 0.759826 0.617565 0.549498 0
0.505124 0.888730 0.487624 0.122787 0.396079 0.857079 0.758345 1
0.893060 0.510989 0.116350 0.533179 0.204364 0.556154 0.361286 1
0.134617 0.551372 0.367935 0.338975 0.927331 0.525896 0.268034 1
0.852475 0.467358 0.201206 0.326800 0.961249 0.233249 0.410544 0
0.485565 0.212915 0.747284 0.175197 0.539298 0.990665 0.416456 1
0.349151 0.430995 0.680986 0.657129 0.973741 0.080665 0.552671 1
0.768030 0.693991 0.018380 0.011171 0.034104 0.479186 0.668111 0
0.688638 0.269110 0.973162 0.566610 0.759431 0.323963 0.662396 1
0.300179 0.900735 0.162459 0.609859 0.176786 0.558113 0.447827 1
0.666801 0.702205 0.811700 0.809126 0.855140 0.381784 0.031995 0
0.530984 0.689660 0.408958 0.011250 0.368588 0.331373 0.889615 0
0.885600 0.589610 0.566693 0.936267 0.984189 0.773083 0.794310 1
0.258291 0.859920 0.978240 0.255656 0.583132 0.666900 0.449631 0
0.139078 0.530653 0.625987 0.107501 0.212102 0.594159 0.366984 0
0.919634 0.479357 0.224149 0.576868 0.780833 0.722016 0.722864 1
0.651795 0.958498 0.343422 0.912882 0.875490 0.053513 0.431786 0
0.688541 0.974806 0.395375 0.326425 0.888134 0.048186 0.823656 0
0.530621 0.486928 0.109913 0.511284 0.910860 0.213458 0.844206 1
0.803870 0.845963 0.844407 0.970933 0.464173 0.398656 0.720984 1
0.704363 0.928756 0.800247 0.444171 0.156923 0.076375 0.105630 0
0.247241 0.628953 0.175367 0.081811 0.172361 0.968907 0.464057 1
0.983771 0.905452 0.781520 0.547269 0.081280 0.583672 0.013852 0
0.183185 0.898290 0.887190 0.322567 0.095668 0.099011 0.968874 1
0.049219 0.441226 0.426276 0.031180 0.153495 0.418626 0.449992 0
0.098945 0.699445 0.703787 0.713404 0.490654 0.374356 0.409474 0
0.420260 0.497060 0.076706 0.869187 0.379732 0.295837 0.990053 1
0.771695 0.912304 0.495318 0.856815 0.308994 0.773482 0.655157 1
0.388719 0.282501 0.236485 0.612638 0.004079 0.795590 0.762103 1
0.265888 0.394554 0.942360 0.559363 0.165672 0.839256 0.709156 0
0.605827 0.154880 0.883759 0.358308 0.559571 0.403944 0.213806 1
0.559836 0.884210 0.049502 0.268357 0.080628 0.192065 0.028421 0
0.168542 0.269822 0.227395 0.941071 0.612547 0.409197 0.026968 1
0.793053 0.024243 0.447652 0.404600 0.840423 0.385073 0.797627 0
0.813847 0.885913 0.735677 0.237915 0.997755 0.124353 0.493653 0
0.782484 0.170473 0.728736 0.239461 0.958244 0.615532 0.738284 1
0.322126 0.986494 0.019476 0.637381 0.553533 0.006588 0.680038 0
0.487101 0.861732 0.742498 0.888654 0.535381 0.110326 0.217256 0
0.297415 0.813292 0.704901 0.556636 0.500326 0.672184 0.752050 1
0.712235 0.650025 0.000668 0.563603 0.691352 0.196187 0.165626 0
0.456885 0.859862 0.873009 0.641662 0.787467 0.288101 0.080575 0
0.903940 0.824125 0.359746 0.045797 0.079834 0.522951 0.702557 1
0.471950 0.462929 0.686133 0.680222 0.143801 0.480171 0.172048 0
0.332679 0.519990 0.502047 0.989406 0.941975 0.654683 0.214543 0
0.196406 0.628577 0.053787 0.206892 0.358889 0.463362 0.229153 0
0.216230 0.603398 0.459661 0.595178 0.042909 0.137648 0.828673 0
0.260416 0.458923 0.836437 0.864856 0.225303 0.387447 0.500099 0
0.379758 0.024119 0.240660 0.973574 0.066320 0.684326 0.656249 1
0.302191 0.842990 0.151534 0.849366 0.612840 0.251484 0.990576 0
0.378238 0.623246 0.368468 0.009271 0.175072 0.925210 0.039961 1
0.476531 0.487354 0.982956 0.172663 0.341326 0.489705 0.472257 0
0.591234 0.830148 0.328541 0.754046 0.114060 0.156422 0.917444 0
0.764025 0.067124 0.539261 0.096151 0.810555 0.701712 0.104361 1
0.686389 0.197435 0.313119 0.608044 0.428347 0.487135 0.639422 1
0.734787 0.102546 0.493871 0.647722 0.787552 0.294620 0.759670 1
0.280628 0.871897 0.717886 0.859837 0.569082 0.025272 0.044181 0
0.077976 0.393051 0.761269 0.638119 0.601080 0.059050 0.693097 1
0.441820 0.992732 0.620933 0.395445 0.646101 0.357979 0.989977 1
0.492690 0.183146 0.332924 0.665754 0.978323 0.115614 0.072236 1
0.562426 0.145157 0.713194 0.270495 0.579708 0.299487 0.470559 1
0.865379 0.248237 0.658791 0.159558 0.547748 0.077623 0.096995 1
0.372531 0.568802 0.190197 0.955230 0.660455 0.303538 0.385308 0
0.294088 0.860065 0.997507 0.507396 0.925725 0.670436 0.042423 0
0.048152 0.701078 0.369428 0.224161 0.988741 0.634183 0.035746 1
0.152897 0.019265 0.660190 0.804506 0.339885 0.371312 0.795678 0
0.769926 0.489849 0.271708 0.361753 0.694408 0.645732 0.258278 0
0.454048 0.841027 0.906958 0.227194 0.928153 0.907413 0.229609 0
0.574499 0.572536 0.197227 0.617811 0.854942 0.048639 0.137425 0
0.580260 0.909458 0.239067 0.715206 0.669363 0.691129 0.955484 1
0.033999 0.472768 0.590651 0.544302 0.509318 0.772504 0.496363 1
0.576480 0.610798 0.203149 0.670751 0.189816 0.355442 0.363871 0
0.889200 0.791297 0.302734 0.100579 0.120998 0.840972 0.777853 1
0.006614 0.259516 0.292193 0.267421 0.463152 0.909329 0.358344 0
0.954647 0.520901 0.476224 0.736478 0.133254 0.734603 0.804827 1
0.898459 0.983843 0.235431 0.297172 0.525508 0.223565 0.571651 0
0.703895 0.870435 0.054371 0.768217 0.061305 0.843861 0.061186 1
0.236612 0.060671 0.830945 0.810615 0.035129 0.071972 0.546414 0
0.210438 0.802322 0.378591 0.966269 0.977373 0.233524 0.010387 0
0.499513 0.926494 0.185263 0.612767 0.117788 0.303153 0.027065 0
0.576266 0.277444 0.763563 0.155017 0.571655 0.138033 0.067078 1
0.704199 0.559145 0.637852 0.172529 0.919925 0.129383 0.825310 1
0.201142 0.227884 0.903137 0.250712 0.949788 0.502512 0.490132 1
0.698893 0.625889 0.565732 0.751776 0.965568 0.693378 0.369891 0
0.054331 0.773806 0.591955 0.843928 0.930321 0.612947 0.027214 0
0.999048 0.540472 0.712870 0.322090 0.143160 0.164680 0.950045 1
0.726722 0.978672 0.441982 0.950696 0.463438 0.199189 0.979701 0
0.144174 0.724654 0.615317 0.636017 0.064985 0.404091 0.400074 0
0.063324 0.161163 0.810257 0.029624 0.133526 0.721564 0.928634 0
0.930948 0.186136 0.357598 0.061514 0.311952 0.182587 0.975471 0
0.562597 0.865026 0.502341 0.076917 0.599871 0.440482 0.029106 0
0.795560 0.588048 0.190202 0.790655 0.394326 0.510889 0.105536 1
0.156588 0.018565 0.696670 0.668261 0.639368 0.798825 0.471626 1
0.879797 0.629177 0.993196 0.496299 0.157779 0.182601 0.961104 1
0.204392 0.019176 0.636147 0.354637 0.976901 0.204020 0.696398 1
0.202758 0.717657 0.647305 0.441090 0.454297 0.648147 0.728165 1
0.966387 0.347499 0.608836 0.244691 0.036127 0.090053 0.618764 0
0.322619 0.296542 0.529089 0.920936 0.224881 0.787534 0.547955 0
0.893292 0.950213 0.466594 0.358767 0.760164 0.917541 0.559163 1
0.461878 0.934999 0.355528 0.522645 0.823955 0.419056 0.707072 0
0.595832 0.074868 0.614142 0.129940 0.214848 0.195187 0.120375 0
0.633351 0.827195 0.365780 0.961219 0.385413 0.293850 0.964754 0
0.470545 0.633782 0.178320 0.455493 0.604911 0.164882 0.199574 0
0.414841 0.076722 0.456744 0.887622 0.851524 0.945018 0.924426 1
0.669509 0.252680 0.533880 0.323468 0.189969 0.914838 0.687518 0
0.331609 0.871700 0.158935 0.429990 0.392561 0.625804 0.039933 1
0.455579 0.554130 0.403027 0.267413 0.342753 0.640798 0.697636 1
0.265839 0.893061 0.428057 0.711422 0.452767 0.203351 0.829800 0
0.245272 0.547225 0.223605 0.264179 0.208197 0.711811 0.808694 1
0.171851 0.702753 0.433190 0.091143 0.841416 0.267033 0.067393 0
0.135236 0.964443 0.136257 0.783056 0.199043 0.833415 0.468690 1
0.647214 0.824533 0.412913 0.794236 0.331438 0.542090 0.064190 1
0.082062 0.845935 0.772470 0.777850 0.964665 0.405212 0.641560 1
0.645536 0.478978 0.993368 0.965092 0.170624 0.695773 0.536477 0
0.011811 0.248520 0.402912 0.913782 0.222208 0.037745 0.417262 1
0.548465 0.987587 0.190384 0.550275 0.787255 0.298096 0.284715 0
0.632056 0.065717 0.254437 0.235028 0.666124 0.331953 0.652968 0
0.601958 0.514870 0.511984 0.880532 0.923655 0.473278 0.926717 1
0.370111 0.740531 0.068189 0.828781 0.723912 0.554558 0.285754 1
0.533107 0.127931 0.747859 0.209524 0.797842 0.473191 0.295129 1
0.530011 0.833201 0.640125 0.763836 0.148540 0.289822 0.164080 0
0.554638 0.674124 0.081353 0.334814 0.704793 0.430028 0.282729 0
0.619209 0.604254 0.797219 0.199683 0.614482 0.524110 0.836299 1
0.296707 0.730514 0.811169 0.425876 0.883268 0.076356 0.096462 0
0.494492 0.386051 0.057724 0.310498 0.562535 0.697568 0.059087 0
0.615195 0.229366 0.179108 0.986800 0.430093 0.554330 0.443028 1
0.771374 0.960930 0.312121 0.578178 0.545047 0.736034 0.910469 1
0.445561 0.477551 0.977038 0.590731 0.880802 0.064671 0.983679 1
0.884086 0.703113 0.518725 0.840065 0.943687 0.879726 0.900220 1
0.876930 0.173673 0.202928 0.561978 0.608748 0.468713 0.171118 1
0.569223 0.211986 0.198243 0.988011 0.598111 0.166224 0.426794 1
0.342402 0.511345 0.255718 0.613820 0.868460 0.818817 0.061035 1
0.133949 0.518026 0.356495 0.488272 0.677618 0.937174 0.652136 1
0.705981 0.718342 0.908204 0.641584 0.760561 0.597392 0.703636 1
0.570887 0.611259 0.825365 0.032552 0.517881 0.324628 0.128656 0
0.855336 0.338116 0.638910 0.663293 0.242597 0.860375 0.917262 0
0.705474 0.004522 0.740795 0.115328 0.830363 0.569009 0.572506 1
0.619713 0.111459 0.613409 0.125887 0.281149 0.380641 0.433648 0
0.354338 0.744120 0.172221 0.039739 0.202575 0.225953 0.626083 0
0.074654 0.416753 0.544667 0.114452 0.420978 0.165965 0.417247 0
0.055563 0.291421 0.282635 0.801612 0.975563 0.823701 0.679501 1
0.774542 0.184057 0.439240 0.728703 0.642030 0.198686 0.476404 1
0.255560 0.059999 0.884479 0.794434 0.138840 0.733882 0.368473 0
0.037125 0.443258 0.626993 0.885082 0.003172 0.269582 0.976155 0
0.788457 0.352675 0.103650 0.462238 0.487311 0.183155 0.237593 0
0.550810 0.672685 0.166126 0.970350 0.703119 0.350048 0.982114 0
0.877448 0.480481 0.226081 0.484697 0.385796 0.533320 0.635981 0
0.989189 0.939738 0.249539 0.828547 0.648244 0.233760 0.082426 0
0.195550 0.858325 0.426190 0.158706 0.204637 0.845244 0.489923 1
0.379679 0.934471 0.152424 0.365911 0.483173 0.116561 0.000851 0
0.549786 0.331359 0.624536 0.007888 0.869489 0.121319 0.705612 1
0.300388 0.821944 0.280724 0.326716 0.680036 0.471009 0.097262 0
0.503447 0.347587 0.757463 0.741440 0.280205 0.424280 0.561698 0
0.371201 0.741995 0.382552 0.206807 0.657488 0.892297 0.632249 1
0.312500 0.962401 0.838994 0.784008 0.889367 0.929517 0.641265 1
0.969985 0.078198 0.851782 0.485541 0.270375 0.478347 0.589212 0
0.150209 0.837765 0.264920 0.666690 0.834409 0.574144 0.813961 1
0.228234 0.317613 0.861501 0.189010 0.957726 0.394110 0.106667 1
0.312276 0.020189 0.344058 0.846635 0.879577 0.237390 0.933303 1
0.412248 0.353192 0.282816 0.625488 0.716093 0.679028 0.785935 1
0.067533 0.575342 0.687176 0.504904 0.647188 0.849521 0.268815 0
0.340372 0.127495 0.388810 0.096947 0.489707 0.866082 0.766413 0
0.117528 0.796280 0.976099 0.404382 0.417727 0.440954 0.881293 1
0.728574 0.526927 0.937382 0.349297 0.126407 0.616327 0.316869 0
0.567840 0.658658 0.213390 0.155896 0.709312 0.607513 0.185669 1
0.513012 0.495491 0.515483 0.443443 0.926176 0.582181 0.583912 1
0.899115 0.484871 0.972452 0.956116 0.655169 0.427034 0.515153 1
0.397353 0.004562 0.193682 0.134149 0.657406 0.534299 0.860749 0
0.770043 0.919456 0.951301 0.239708 0.825641 0.395046 0.725904 1
0.771788 0.777836 0.976892 0.885549 0.162752 0.892815 0.752940 1
0.393053 0.910826 0.665422 0.759390 0.499845 0.506874 0.032649 0
0.537101 0.627181 0.174263 0.984593 0.234725 0.270029 0.052611 0
0.274129 0.590143 0.624272 0.204980 0.815367 0.094827 0.789211 1
0.495759 0.300412 0.636278 0.483580 0.208560 0.721096 0.403594 0
0.930653 0.149162 0.367932 0.622844 0.852318 0.000271 0.034678 1
0.723251 0.900227 0.427821 0.650785 0.067533 0.811338 0.945449 1
0.400733 0.988355 0.625960 0.644536 0.157111 0.202516 0.706272 1
0.824580 0.558882 0.144497 0.667815 0.697280 0.537761 0.747569 1
0.119934 0.657599 0.059602 0.687781 0.871791 0.776867 0.135534 1
0.123201 0.462644 0.280521 0.427628 0.975088 0.089665 0.649441 0
0.802000 0.447114 0.928225 0.444791 0.030649 0.843754 0.366776 0
0.253383 0.193356 0.011699 0.198259 0.025305 0.425828 0.022198 0
0.083501 0.856213 0.372326 0.397460 0.691325 0.841720 0.755102 1
0.258570 0.999383 0.615914 0.168539 0.696832 0.590048 0.510626 1
0.803006 0.388865 0.173502 0.811724 0.718052 0.964586 0.955159 1
0.700513 0.902263 0.666438 0.693839 0.446920 0.226262 0.047475 0
0.879142 0.999496 0.869451 0.326553 0.035795 0.359184 0.517179 1
0.105940 0.613866 0.238235 0.303957 0.956709 0.162173 0.384512 0
0.239622 0.649634 0.854539 0.675295 0.445067 0.487818 0.001463 0
0.959985 0.225155 0.202090 0.585098 0.137788 0.599194 0.828964 1
0.520932 0.197472 0.792063 0.797221 0.532018 0.027347 0.036203 1
0.557419 0.889284 0.678398 0.409505 0.942021 0.547332 0.085397 0
0.304281 0.702748 0.795259 0.921220 0.341704 0.368331 0.571204 1
0.843054 0.079781 0.163750 0.704865 0.918984 0.443145 0.788731 1
0.354033 0.727782 0.833315 0.736143 0.452981 0.797210 0.757412 1
0.522271 0.255478 0.655622 0.165968 0.384366 0.586269 0.091501 0
0.980996 0.372609 0.551471 0.204365 0.379830 0.931002 0.042974 0
0.798793 0.042869 0.552774 0.003284 0.436741 0.583622 0.057707 0
0.499409 0.451092 0.830609 0.956110 0.695739 0.504586 0.290446 1
0.615649 0.280002 0.625569 0.787762 0.549187 0.373421 0.381293 1
0.498039 0.845829 0.881399 0.292017 0.098802 0.232354 0.656734 1
0.277001 0.617722 0.546345 0.333301 0.873087 0.589377 0.523929 1
0.137597 0.925431 0.336681 0.441158 0.323819 0.897903 0.139393 1
0.365281 0.638977 0.304293 0.228963 0.550889 0.696121 0.537381 1
0.609125 0.729380 0.066248 0.831723 0.500177 0.788593 0.682875 1
0.660255 0.825660 0.683457 0.064484 0.616236 0.856541 0.856470 1
0.595288 0.649362 0.517095 0.343217 0.449044 0.465362 0.346519 0
0.360025 0.532030 0.284220 0.175873 0.889122 0.110790 0.515854 0
0.370974 0.505338 0.955967 0.427965 0.349079 0.908327 0.810951 1
0.903096 0.968443 0.567045 0.684178 0.867840 0.573370 0.878208 1
0.927609 0.924463 0.321127 0.710518 0.821041 0.900616 0.109619 1
0.241444 0.162940 0.299592 0.837714 0.337344 0.146898 0.564659 1
0.435468 0.335200 0.183256 0.528564 0.199410 0.758864 0.412934 1
0.924839 0.633324 0.906722 0.065812 0.408728 0.776003 0.106143 0
0.010796 0.054499 0.552841 0.567220 0.624915 0.199012 0.102067 1
0.253913 0.454763 0.045063 0.515747 0.448733 0.924794 0.290173 1
0.127706 0.196364 0.022075 0.138969 0.350690 0.538343 0.377546 0
0.533786 0.063835 0.841351 0.536759 0.292873 0.882615 0.307313 0
0.309164 0.722887 0.835940 0.479263 0.674956 0.170583 0.472053 0
0.096996 0.948938 0.003576 0.072339 0.814312 0.640974 0.310026 1
0.011011 0.943012 0.065887 0.688527 0.165731 0.968033 0.180651 1
0.583718 0.403858 0.406709 0.568130 0.944424 0.752559 0.757076 1
0.698951 0.469688 0.673028 0.767949 0.517320 0.371044 0.787254 1
0.900228 0.208533 0.085078 0.793444 0.732546 0.425908 0.799287 1
0.443370 0.373338 0.119623 0.434195 0.106238 0.161730 0.437543 0
0.515100 0.553656 0.650625 0.131669 0.165132 0.800642 0.329791 0
0.379495 0.999547 0.502814 0.203651 0.762623 0.593858 0.909444 1
0.153967 0.416067 0.324319 0.227191 0.434700 0.644057 0.748873 0
0.825953 0.076240 0.979719 0.137239 0.498630 0.658380 0.215295 0
0.284317 0.699432 0.821078 0.193875 0.513710 0.423410 0.524349 1
0.765511 0.880723 0.444974 0.054178 0.522382 0.851728 0.077832 1
0.462569 0.937697 0.529796 0.918869 0.048336 0.788208 0.970754 1
0.235284 0.029170 0.476311 0.802852 0.532934 0.762112 0.017341 1
0.021242 0.377136 0.193852 0.127019 0.550234 0.464152 0.749147 0
0.939510 0.911652 0.359719 0.299182 0.083405 0.058958 0.312222 0
0.313709 0.234309 0.466380 0.344933 0.692414 0.258865 0.441139 0
0.547240 0.718597 0.538487 0.380977 0.339648 0.634700 0.621820 1
0.094671 0.660760 0.909482 0.903863 0.506884 0.278116 0.012307 0
0.065253 0.913071 0.541433 0.259561 0.939283 0.966939 0.094851 0
0.395729 0.053750 0.198771 0.140274 0.180466 0.870673 0.212394 0
0.935934 0.623496 0.289032 0.931224 0.610976 0.066053 0.149504 0
0.969077 0.083090 0.330919 0.011815 0.954069 0.492170 0.828379 0
0.698222 0.345714 0.211823 0.246299 0.715741 0.884218 0.096265 0
0.579101 0.415684 0.158285 0.672108 0.063898 0.236893 0.405772 1
0.679389 0.469546 0.768986 0.485862 0.258134 0.511769 0.306067 0
0.253131 0.577547 0.976686 0.262414 0.566014 0.820479 0.030835 0
0.582223 0.986275 0.357108 0.736458 0.539306 0.415774 0.574197 0
0.344230 0.024966 0.780772 0.735734 0.278051 0.442564 0.142782 0
0.094844 0.029656 0.187722 0.425908 0.898999 0.835854 0.349887 0
0.207186 0.915682 0.719410 0.249220 0.877451 0.179928 0.366372 0
0.595733 0.272587 0.717799 0.619019 0.213269 0.944485 0.832061 0
0.637491 0.725624 0.950862 0.272335 0.772614 0.671925 0.231313 0
0.130761 0.355941 0.074788 0.835445 0.055695 0.750178 0.073919 1
0.736587 0.097769 0.208791 0.120473 0.870105 0.482607 0.851353 0
0.308965 0.161139 0.951061 0.823693 0.590817 0.019501 0.826096 1
0.061444 0.511364 0.576081 0.409782 0.206268 0.735709 0.215782 0
0.076179 0.943327 0.072023 0.152013 0.798831 0.309080 0.107128 0
0.784556 0.647370 0.984738 0.843884 0.298955 0.631848 0.580706 1
0.345719 0.230690 0.587417 0.530420 0.720691 0.788594 0.852538 1
0.143629 0.843990 0.059833 0.202076 0.096720 0.508659 0.252953 1
0.340786 0.895542 0.098616 0.910364 0.381109 0.924678 0.048454 1
0.717765 0.929929 0.162226 0.955016 0.447536 0.772267 0.641164 1
0.906532 0.409834 0.467875 0.496498 0.301288 0.474147 0.782470 0
0.828235 0.748127 0.049987 0.822846 0.463921 0.809949 0.709854 1
0.123109 0.454381 0.669524 0.364144 0.363623 0.694741 0.555809 0
0.835475 0.964991 0.510750 0.092814 0.630027 0.293747 0.804982 1
0.972639 0.374485 0.224713 0.195751 0.119819 0.805684 0.690728 0
0.335283 0.848936 0.738469 0.985047 0.303876 0.214350 0.578276 1
0.246167 0.695729 0.908827 0.227337 0.962484 0.500291 0.951655 1
0.747373 0.211004 0.353537 0.231423 0.258896 0.445889 0.156124 0
0.943311 0.572070 0.367955 0.018376 0.647123 0.706193 0.569521 1
0.140832 0.451172 0.762585 0.421321 0.503221 0.986909 0.132735 1
0.316945 0.071187 0.602139 0.501595 0.521727 0.925676 0.287988 1
0.125736 0.117880 0.798866 0.098598 0.712095 0.361275 0.840969 1
0.814630 0.360072 0.068543 0.760848 0.732199 0.174594 0.695440 1
0.713458 0.626808 0.607232 0.504514 0.100398 0.920835 0.732379 1
0.682020 0.548534 0.448161 0.499774 0.167743 0.642200 0.930777 1
0.755855 0.187131 0.967792 0.284254 0.745358 0.542902 0.408627 1
0.836631 0.662111 0.926021 0.110564 0.343828 0.217743 0.041854 0
0.367529 0.570648 0.242061 0.354787 0.516636 0.157228 0.164748 0
0.446729 0.943212 0.274196 0.877324 0.542805 0.331290 0.776419 0
0.773744 0.039194 0.497884 0.733482 0.125252 0.311766 0.881671 1
0.426305 0.955643 0.849919 0.350537 0.285160 0.018273 0.333736 0
0.465210 0.787717 0.037664 0.921810 0.110948 0.588827 0.490762 1
0.735941 0.444555 0.649966 0.623147 0.453357 0.823462 0.304352 0
0.683580 0.064033 0.358574 0.680455 0.801533 0.517468 0.705319 1
0.589393 0.775815 0.970584 0.160564 0.510891 0.496040 0.675978 1
0.887670 0.764385 0.207199 0.288210 0.952851 0.118108 0.194010 0
0.639923 0.675365 0.370808 0.660493 0.859614 0.710235 0.259657 1
0.345662 0.206543 0.462238 0.103295 0.622614 0.424037 0.205672 0
0.540441 0.458158 0.134147 0.027858 0.828401 0.255034 0.210811 0
0.929087 0.024119 0.218925 0.217270 0.436587 0.730265 0.236676 0
0.155134 0.622081 0.071995 0.704780 0.974801 0.592693 0.309451 1
0.651546 0.955811 0.396651 0.875319 0.362192 0.064747 0.774967 0
0.996675 0.313811 0.867895 0.870231 0.531293 0.040200 0.449501 1
0.497833 0.807352 0.865713 0.400419 0.168219 0.896734 0.997787 1
0.423706 0.423601 0.816383 0.527287 0.230689 0.102502 0.748160 0
0.828717 0.040446 0.209923 0.788218 0.330457 0.205142 0.907315 1
0.469416 0.337184 0.176878 0.709075 0.553388 0.407759 0.507046 1
0.455440 0.986846 0.626140 0.157702 0.171147 0.244908 0.315021 0
0.114498 0.049273 0.693354 0.827451 0.470869 0.923367 0.431059 0
0.129423 0.011192 0.763769 0.410367 0.771660 0.931654 0.202854 1
0.583358 0.656296 0.465074 0.283228 0.201169 0.954123 0.120336 1
0.801452 0.321646 0.372844 0.467956 0.777558 0.430388 0.505642 0
0.745112 0.601764 0.395426 0.310844 0.023967 0.988049 0.024072 1
0.817830 0.853583 0.279096 0.238134 0.553654 0.208872 0.092989 0
0.719696 0.520479 0.275030 0.962459 0.172829 0.102813 0.874896 0
0.142251 0.208686 0.448637 0.343053 0.757637 0.083473 0.962169 0
0.601757 0.525194 0.845625 0.637875 0.640061 0.028555 0.830164 1
0.752872 0.270347 0.480092 0.753369 0.726903 0.415351 0.094677 1
0.471365 0.750130 0.199958 0.374150 0.928298 0.855540 0.894223 1
0.169872 0.740173 0.501466 0.754081 0.134295 0.834408 0.312992 0
0.158066 0.426895 0.530708 0.483487 0.799555 0.336771 0.508826 1
0.527126 0.442040 0.010546 0.831944 0.800142 0.284581 0.520665 1
0.398246 0.475278 0.956343 0.516688 0.754276 0.979513 0.658014 1
0.317115 0.467268 0.071096 0.287895 0.830035 0.946086 0.102123 0
0.836672 0.958519 0.845712 0.980277 0.788791 0.962878 0.467106 0
0.658433 0.870832 0.819538 0.814368 0.015810 0.550119 0.295185 0
0.059922 0.741833 0.207161 0.038177 0.419499 0.738598 0.882499 1
0.846111 0.659523 0.879209 0.083055 0.115040 0.544988 0.388170 0
0.322429 0.793130 0.135408 0.610165 0.872328 0.631997 0.324847 1
0.632305 0.988083 0.560549 0.156857 0.304237 0.394260 0.476683 0
0.124130 0.126456 0.740582 0.330801 0.246191 0.244716 0.937512 0
0.320608 0.713860 0.884817 0.011096 0.883776 0.370096 0.266709 0
0.470066 0.642145 0.857770 0.842684 0.804554 0.707485 0.674757 1
0.240809 0.369336 0.187126 0.409033 0.305041 0.701383 0.507082 0
0.458175 0.917441 0.407203 0.459982 0.621912 0.059382 0.815384 0
0.765067 0.782035 0.403500 0.970451 0.717245 0.031012 0.273246 0
0.328893 0.852548 0.191285 0.573120 0.175683 0.173948 0.642699 0
0.860439 0.500137 0.433245 0.426644 0.922127 0.988132 0.617016 1
0.659657 0.572485 0.350935 0.243390 0.474442 0.077234 0.891196 0
0.857605 0.524449 0.860850 0.780869 0.747115 0.332031 0.060663 0
0.653983 0.298841 0.732463 0.610920 0.766874 0.486638 0.979040 1
0.851059 0.254954 0.491738 0.503736 0.428391 0.349427 0.045083 1
0.729720 0.361797 0.341962 0.530624 0.794689 0.577498 0.114961 1
0.981676 0.424797 0.310159 0.942217 0.736833 0.176046 0.465251 1
0.288252 0.731892 0.026067 0.351399 0.668746 0.458713 0.758484 0
0.536653 0.210974 0.336361 0.997533 0.654862 0.521169 0.469369 1
0.372079 0.846393 0.709587 0.705939 0.609055 0.895409 0.632278 1
0.790886 0.199899 0.838999 0.078545 0.002523 0.896236 0.820410 0
0.528809 0.165100 0.579172 0.200870 0.984002 0.248357 0.579031 1
0.111819 0.988713 0.338291 0.307567 0.165365 0.337733 0.922334 0
0.391803 0.837797 0.825748 0.359205 0.794440 0.380079 0.144307 0
0.389086 0.385996 0.342829 0.772817 0.993002 0.440257 0.844574 1
0.407824 0.532995 0.134712 0.900830 0.173978 0.538985 0.076951 1
0.005025 0.611316 0.406610 0.359219 0.622923 0.625641 0.714760 1
0.391040 0.201301 0.455426 0.765045 0.664244 0.603256 0.117231 1
0.852500 0.835952 0.433233 0.646564 0.642188 0.543614 0.789224 1
0.382727 0.849675 0.452221 0.806506 0.744488 0.359285 0.980275 0
0.565435 0.001271 0.668440 0.412676 0.563253 0.141071 0.229215 1
0.333911 0.443997 0.100683 0.165849 0.230373 0.659100 0.172288 0
0.148975 0.195985 0.287022 0.707597 0.896194 0.494766 0.889079 1
0.800866 0.665798 0.047873 0.576298 0.185812 0.963889 0.258372 1
0.325217 0.773347 0.245167 0.431493 0.512395 0.875316 0.926368 1
0.405460 0.272594 0.229069 0.362022 0.107550 0.992157 0.800852 0
0.106558 0.065359 0.199176 0.861678 0.678902 0.225436 0.176545 1
0.232130 0.207523 0.983091 0.685618 0.118655 0.639683 0.139356 0
0.283940 0.994341 0.700095 0.252944 0.589416 0.492461 0.048977 0
0.523637 0.254473 0.043710 0.472721 0.605757 0.193305 0.162168 0
0.784363 0.269643 0.184822 0.874796 0.078611 0.681138 0.359957 1
0.985292 0.712090 0.227293 0.620827 0.977580 0.514033 0.923189 1
0.844570 0.582235 0.505178 0.782664 0.369600 0.372871 0.515793 1
0.978326 0.148518 0.712285 0.801341 0.612296 0.686071 0.171549 1
0.999274 0.904096 0.662727 0.507360 0.783889 0.730075 0.750260 1
0.839862 0.180922 0.979087 0.151034 0.836499 0.156589 0.045168 1
0.178181 0.554004 0.316663 0.841265 0.057633 0.157359 0.908782 0
0.008034 0.243850 0.067666 0.836789 0.875418 0.592548 0.524273 1
0.304194 0.169002 0.237193 0.154989 0.349973 0.894485 0.558670 0
0.510426 0.408494 0.063769 0.341396 0.093209 0.919110 0.667730 0
0.819905 0.935598 0.702964 0.708044 0.911315 0.946222 0.460737 0
0.303193 0.530656 0.187313 0.772960 0.906140 0.581363 0.933568 1
0.597795 0.712735 0.091496 0.451796 0.226517 0.444626 0.864831 0
0.010422 0.045783 0.417573 0.161740 0.897905 0.304317 0.811346 0
0.178738 0.726525 0.991216 0.621510 0.612657 0.645749 0.734832 1
0.511754 0.323025 0.326674 0.849599 0.718256 0.111048 0.187751 1
0.647333 0.897997 0.084394 0.840348 0.896180 0.688233 0.110120 1
0.572557 0.444206 0.089504 0.009122 0.088317 0.464198 0.886651 0
0.172700 0.857456 0.807516 0.592713 0.713112 0.010254 0.370540 0
0.016646 0.306912 0.937894 0.385571 0.780960 0.959446 0.881793 1
0.041587 0.727031 0.935230 0.501437 0.744565 0.334841 0.596077 1
0.599229 0.001166 0.394828 0.648121 0.009970 0.015266 0.406192 1
0.741156 0.578458 0.775274 0.940250 0.569281 0.942365 0.575409 1
0.144000 0.991531 0.365120 0.520074 0.581688 0.852289 0.395382 1
0.514836 0.046192 0.803723 0.378202 0.868409 0.856859 0.266713 1
0.723449 0.865514 0.902599 0.013288 0.045950 0.123428 0.495413 0
0.639049 0.835896 0.126692 0.043994 0.595216 0.867349 0.425493 1
0.124172 0.273201 0.856497 0.925953 0.198420 0.340015 0.263351 0
0.933480 0.987394 0.195759 0.536378 0.960153 0.371135 0.434408 0
0.629812 0.747604 0.041958 0.993376 0.766240 0.332577 0.347541 0
0.150883 0.175919 0.794921 0.265191 0.910453 0.010477 0.098506 1
0.830012 0.663589 0.908888 0.120672 0.919450 0.046566 0.588226 1
0.002252 0.987382 0.965756 0.968737 0.957451 0.108176 0.036798 0
0.065133 0.823467 0.780975 0.412145 0.773947 0.601824 0.123547 0
0.947650 0.000553 0.956167 0.472419 0.540172 0.137551 0.202929 1
0.981312 0.830879 0.824654 0.803580 0.586171 0.913176 0.234956 0
0.681908 0.144502 0.249323 0.331520 0.902823 0.753045 0.899820 0
0.318150 0.461817 0.482364 0.360943 0.381103 0.658156 0.031240 0
0.610856 0.835216 0.993768 0.712780 0.611438 0.204647 0.261536 0
0.332532 0.714741 0.689957 0.924545 0.520546 0.175485 0.951141 1
0.068284 0.383785 0.317821 0.542692 0.790909 0.370827 0.094437 1
0.470208 0.060407 0.946169 0.004920 0.601054 0.149991 0.773789 1
0.244261 0.697565 0.796502 0.688403 0.669077 0.454614 0.479369 0
0.626780 0.941057 0.677976 0.910258 0.589447 0.821105 0.066410 0
0.536464 0.302203 0.230609 0.621601 0.971311 0.027676 0.845799 1
0.169752 0.944560 0.275202 0.317518 0.645186 0.093885 0.798546 0
0.827178 0.840106 0.659566 0.338544 0.169549 0.071020 0.217010 0
0.504221 0.332024 0.393640 0.733530 0.658804 0.477969 0.317699 1
0.555951 0.578621 0.810996 0.047491 0.355873 0.151846 0.695292 1
0.190830 0.215696 0.246954 0.277886 0.890056 0.775553 0.656737 0
0.206670 0.605111 0.063483 0.163699 0.086036 0.723913 0.777857 1
0.809894 0.457577 0.353477 0.804455 0.488913 0.185317 0.342935 1
0.397127 0.543607 0.325854 0.553332 0.447041 0.640154 0.822670 1
0.891691 0.126578 0.939224 0.050890 0.577040 0.418948 0.280804 1
0.724055 0.978887 0.188747 0.104929 0.972629 0.066333 0.313511 0
0.411171 0.487980 0.650987 0.385305 0.534721 0.847909 0.838059 1
0.982230 0.102177 0.171374 0.549352 0.096340 0.670128 0.098888 1
0.834318 0.939220 0.654203 0.924395 0.694517 0.733387 0.792634 1
0.940857 0.527477 0.465061 0.435765 0.583200 0.427514 0.811054 0
0.752760 0.034132 0.776495 0.765550 0.368536 0.675345 0.908635 0
0.569804 0.459239 0.916100 0.198907 0.970917 0.381460 0.929877 1
0.764999 0.610304 0.611300 0.676566 0.584836 0.723148 0.632065 1
0.690632 0.620886 0.250921 0.100658 0.891554 0.481592 0.216724 0
0.868196 0.642708 0.068505 0.756117 0.130331 0.031260 0.494088 0
0.095755 0.610082 0.119692 0.928766 0.894026 0.425362 0.841051 0
0.783237 0.133615 0.648320 0.781628 0.461356 0.967838 0.145260 0
0.319728 0.862986 0.335508 0.314146 0.886130 0.502527 0.054714 1
0.865462 0.300810 0.282958 0.586164 0.942827 0.744270 0.356988 1
0.983803 0.632023 0.488342 0.890367 0.748161 0.022558 0.811749 0
0.988321 0.348438 0.439452 0.807274 0.398717 0.779705 0.705604 1
0.530335 0.134953 0.556026 0.053256 0.632411 0.544938 0.560841 1
0.688696 0.370514 0.626935 0.079944 0.442017 0.157118 0.623948 0
0.173046 0.526083 0.169340 0.006841 0.469826 0.721710 0.858302 1
0.725823 0.480775 0.668003 0.931557 0.981438 0.699736 0.174804 1
0.668272 0.230449 0.155394 0.985445 0.397408 0.453645 0.092622 1
0.395653 0.226233 0.243054 0.734369 0.835428 0.468275 0.891586 1
0.257148 0.592075 0.976288 0.305113 0.029111 0.316409 0.416684 0
0.875305 0.871763 0.126627 0.559651 0.555961 0.295825 0.113221 0
0.731676 0.081491 0.629702 0.580963 0.725256 0.468979 0.710153 1
0.161158 0.316013 0.564968 0.252452 0.269666 0.766609 0.101773 0
0.117953 0.028027 0.141001 0.558242 0.609296 0.474732 0.658036 1
0.524234 0.478123 0.142502 0.139413 0.568155 0.500417 0.394909 0
0.658956 0.007081 0.874535 0.486176 0.915329 0.515511 0.179736 1
0.971022 0.727173 0.585711 0.756372 0.190255 0.146580 0.929573 1
0.843118 0.071329 0.618674 0.335605 0.561834 0.604489 0.309194 1
0.052080 0.504006 0.898196 0.991213 0.235380 0.931843 0.954032 1
0.362665 0.557563 0.393588 0.797163 0.817821 0.813986 0.653282 1
0.766923 0.920658 0.944366 0.130529 0.095567 0.624378 0.781446 1
0.503160 0.847705 0.143077 0.909287 0.733898 0.113210 0.119838 0
0.167242 0.013978 0.115159 0.903685 0.538131 0.076517 0.726453 1
0.798565 0.191881 0.959419 0.599969 0.056459 0.092701 0.822176 0
0.146560 0.287697 0.044948 0.712981 0.709367 0.316404 0.196672 1
0.710926 0.657726 0.440457 0.267405 0.290439 0.202339 0.319636 0
0.420073 0.100939 0.437997 0.286599 0.390696 0.262703 0.144223 0
0.085154 0.266691 0.385912 0.081391 0.419545 0.503861 0.105256 0
0.168754 0.636478 0.423541 0.679338 0.921012 0.108531 0.407545 0
0.691548 0.276849 0.997197 0.785927 0.936338 0.533335 0.166396 1
0.948156 0.373434 0.541865 0.326480 0.789728 0.797264 0.962437 1
0.197549 0.589765 0.091779 0.427656 0.192708 0.843352 0.370681 1
0.799643 0.151143 0.311378 0.866896 0.288573 0.538167 0.142790 1
0.836003 0.837976 0.660418 0.224236 0.146359 0.919390 0.194893 0
0.621807 0.726133 0.796262 0.984484 0.577541 0.076590 0.561713 1
0.296285 0.424788 0.273667 0.644185 0.670098 0.709085 0.872673 1
0.221406 0.165213 0.110529 0.887155 0.769488 0.556842 0.143435 1
0.252121 0.229176 0.474398 0.690356 0.833835 0.721435 0.363123 1
0.394126 0.447427 0.877407 0.061680 0.111097 0.352603 0.429129 0
0.264660 0.486159 0.006259 0.078679 0.397398 0.423680 0.141565 0
0.285078 0.011655 0.927775 0.772484 0.652956 0.317342 0.575568 1
0.769576 0.770210 0.115024 0.047607 0.564312 0.487576 0.269843 0
0.809326 0.302212 0.369444 0.033848 0.319383 0.667035 0.760156 0
0.993386 0.585009 0.688609 0.968847 0.398504 0.320307 0.556094 1
0.966487 0.517459 0.667474 0.889045 0.450252 0.671264 0.632845 1
0.959313 0.845578 0.868775 0.992882 0.749284 0.040820 0.684977 1
0.077264 0.481001 0.883128 0.092178 0.349632 0.945352 0.969910 0
0.700793 0.976571 0.383428 0.828076 0.781023 0.613053 0.079992 1
0.326877 0.419501 0.434453 0.529109 0.550342 0.377629 0.231584 1
0.754365 0.095662 0.944830 0.091814 0.547286 0.548020 0.800140 1
0.057271 0.918625 0.155064 0.779932 0.116755 0.141903 0.592746 0
0.302773 0.727563 0.000873 0.059274 0.079939 0.498747 0.188528 0
0.188783 0.502569 0.003526 0.500134 0.107836 0.453727 0.196771 0
0.488656 0.335377 0.593477 0.624886 0.080200 0.811056 0.999611 0
0.620780 0.191580 0.190887 0.169407 0.774452 0.026335 0.936054 0
0.660614 0.401762 0.425041 0.849775 0.891076 0.703361 0.583625 1
0.978660 0.141693 0.311051 0.122279 0.261079 0.476070 0.549710 0
0.804473 0.596494 0.751266 0.373038 0.745621 0.392114 0.453395 0
0.159506 0.994320 0.265389 0.967262 0.579041 0.410106 0.936726 0
0.895075 0.560130 0.590623 0.031089 0.415970 0.413439 0.517671 1
0.471213 0.329916 0.762446 0.937397 0.724253 0.210660 0.308696 1
0.951323 0.347281 0.917702 0.411339 0.414616 0.082227 0.855350 0
0.942174 0.618719 0.417508 0.986796 0.453512 0.958658 0.377115 1
0.514769 0.573213 0.960027 0.986806 0.992028 0.155042 0.726984 1
0.170355 0.350592 0.452153 0.831056 0.583501 0.222966 0.004127 1
0.335641 0.444711 0.014114 0.964840 0.667075 0.785118 0.754738 1
0.967579 0.891972 0.182569 0.570420 0.641561 0.003431 0.784383 0
0.434960 0.786500 0.942022 0.299164 0.782199 0.198088 0.525408 1
0.540520 0.466970 0.739524 0.753623 0.404062 0.936481 0.569202 0
0.009312 0.866059 0.037360 0.691949 0.386245 0.726552 0.232651 1
0.752972 0.179424 0.920891 0.573993 0.832100 0.025167 0.086898 1
0.585180 0.682816 0.030001 0.976769 0.299690 0.553615 0.621880 1
0.466285 0.592368 0.573084 0.356226 0.752798 0.490940 0.510303 1
0.561167 0.124246 0.405832 0.369780 0.185541 0.270399 0.236279 0
0.116930 0.561774 0.734869 0.567204 0.751375 0.493847 0.479940 0
0.685001 0.049632 0.220235 0.201831 0.395356 0.331204 0.249316 0
0.311427 0.399912 0.728621 0.884603 0.180348 0.991237 0.787667 0
0.309555 0.353149 0.308414 0.784047 0.918490 0.891041 0.023322 1
0.163677 0.251461 0.586490 0.235438 0.198252 0.153636 0.695511 0
0.457539 0.965811 0.626007 0.455880 0.070281 0.681209 0.369271 0
0.771912 0.347887 0.046095 0.616852 0.108075 0.377775 0.268041 1
0.914351 0.545631 0.188751 0.443227 0.136455 0.643236 0.224001 1
0.207657 0.098852 0.519326 0.208545 0.951247 0.160720 0.773696 1
0.042167 0.270636 0.841903 0.973624 0.401703 0.045762 0.443103 0
0.893868 0.985520 0.616849 0.540128 0.922194 0.131011 0.786999 1
0.578378 0.980234 0.072840 0.303979 0.324385 0.532909 0.918222 1
0.861394 0.418458 0.900719 0.355823 0.136960 0.109002 0.253380 0
0.322106 0.804244 0.847173 0.318695 0.576723 0.476386 0.965031 1
0.892204 0.037681 0.016193 0.628125 0.361669 0.689326 0.202455 1
0.428675 0.484398 0.863601 0.691807 0.061220 0.379297 0.305681 0
0.525590 0.959744 0.798346 0.541693 0.206012 0.788390 0.065601 0
0.468926 0.435408 0.641787 0.250280 0.971571 0.813478 0.097419 1
0.264436 0.127865 0.727075 0.483980 0.090845 0.910264 0.518160 0
0.829391 0.847103 0.493520 0.916219 0.819816 0.593402 0.826265 1
0.291954 0.549528 0.561444 0.903175 0.787746 0.801495 0.415046 0
0.001684 0.456337 0.659326 0.120053 0.438576 0.487856 0.124121 0
0.317169 0.844761 0.398488 0.445287 0.280395 0.508632 0.592334 1
0.516195 0.600806 0.091860 0.172686 0.865707 0.632282 0.959681 1
0.111404 0.912333 0.166577 0.759985 0.761878 0.418746 0.230151 0
0.929094 0.769968 0.278061 0.220995 0.365785 0.268301 0.881880 0
0.594175 0.042338 0.068576 0.013363 0.104002 0.266245 0.478044 0
0.803512 0.561002 0.759950 0.846763 0.232000 0.410891 0.038206 0
0.816131 0.733792 0.628591 0.156596 0.599786 0.550238 0.059598 0
0.047255 0.248265 0.569909 0.990996 0.613535 0.838042 0.780616 1
0.998852 0.596352 0.428925 0.309862 0.623215 0.870483 0.573662 1
0.385399 0.647024 0.479990 0.600381 0.126184 0.623909 0.002760 1
0.122344 0.535069 0.869268 0.543237 0.455063 0.758083 0.574973 1
0.112098 0.945995 0.480626 0.414687 0.927645 0.241496 0.947839 0
0.268350 0.715455 0.137974 0.598161 0.967855 0.450672 0.936881 0
0.175682 0.331588 0.690646 0.533961 0.671717 0.080053 0.843243 1
0.196397 0.685958 0.521057 0.264210 0.503792 0.548604 0.715878 1
0.051835 0.845566 0.706275 0.118546 0.414957 0.709689 0.443269 0
0.413952 0.978468 0.715068 0.877070 0.729119 0.826505 0.174160 0
0.110080 0.963678 0.335961 0.952424 0.825820 0.377556 0.302904 0
0.729092 0.928762 0.894819 0.529993 0.567969 0.722325 0.265257 0
0.019490 0.508382 0.753749 0.394014 0.198949 0.167849 0.876321 1
0.168550 0.881668 0.228833 0.390477 0.377149 0.316894 0.022182 0
0.070089 0.913329 0.785394 0.898622 0.538219 0.610830 0.179073 0
0.755783 0.887731 0.932036 0.969387 0.719926 0.097368 0.422204 0
0.106916 0.123469 0.372748 0.511452 0.071155 0.050982 0.173683 1
0.944652 0.071837 0.904970 0.004479 0.599221 0.031093 0.691180 1
0.396805 0.215404 0.609323 0.823882 0.729126 0.131049 0.349059 1
0.155731 0.993362 0.642682 0.244027 0.138133 0.781323 0.175963 0
0.924274 0.274465 0.587447 0.142283 0.091762 0.713200 0.262290 0
0.379189 0.832028 0.629379 0.619501 0.230215 0.431655 0.723694 1
0.744215 0.772619 0.170647 0.190863 0.592419 0.147594 0.721334 0
0.657757 0.608320 0.763112 0.531370 0.072877 0.150603 0.651809 1
0.205338 0.297038 0.612265 0.095595 0.440230 0.842827 0.819206 0
0.447043 0.814401 0.827165 0.733795 0.004790 0.798473 0.862149 1
0.122793 0.926218 0.408170 0.349080 0.380175 0.937442 0.496424 1
0.373889 0.839612 0.803175 0.357462 0.283449 0.831216 0.315711 0
0.872869 0.572174 0.609234 0.589144 0.913678 0.764378 0.310425 0
0.811517 0.051932 0.617010 0.069369 0.291738 0.419373 0.552210 0
0.648083 0.279074 0.962855 0.647038 0.736698 0.905517 0.054586 1
0.627235 0.739135 0.420315 0.310648 0.995789 0.009809 0.154150 0
0.488535 0.721728 0.388964 0.938647 0.212127 0.538807 0.919146 1
0.248997 0.271944 0.294363 0.584270 0.802907 0.982829 0.288533 1
0.316654 0.305977 0.446080 0.025693 0.282909 0.788021 0.517395 0
0.710970 0.376396 0.364596 0.359225 0.422465 0.335498 0.013781 0
0.427738 0.727774 0.779604 0.580951 0.403411 0.752635 0.518602 1
0.157356 0.235851 0.840435 0.661982 0.864052 0.478034 0.804888 1
0.919244 0.256185 0.091879 0.301427 0.754208 0.633930 0.774776 0