0.505374 0.660914 0.693792 0.079676 0.336716 0.214184 0.663798 1
0.736907 0.847470 0.964081 0.852784 0.747071 0.910287 0.737018 1
0.885018 0.527240 0.788318 0.679518 0.153247 0.231645 0.042991 0
0.158029 0.907179 0.452531 0.793839 0.311475 0.823428 0.584847 1
0.352509 0.853351 0.271853 0.565511 0.746626 0.830147 0.255780 1
0.867663 0.299644 0.351852 0.123469 0.458069 0.573473 0.956653 0
0.859475 0.242190 0.816251 0.521763 0.632081 0.735189 0.306981 1
0.304709 0.164680 0.001014 0.947562 0.215965 0.580505 0.558888 1
0.276345 0.570782 0.126662 0.827860 0.445112 0.963851 0.737375 1
0.401400 0.077554 0.077821 0.382379 0.346802 0.637853 0.267780 0
0.487294 0.984153 0.861855 0.120039 0.763288 0.500435 0.281930 0
0.713979 0.564955 0.837941 0.306615 0.709696 0.421847 0.062043 0
0.989015 0.523678 0.130530 0.835361 0.989597 0.298592 0.809164 0
0.802177 0.484223 0.595391 0.546744 0.544298 0.603087 0.163971 1
0.598121 0.167978 0.958250 0.889679 0.090908 0.447179 0.692732 0
0.764051 0.158421 0.802823 0.774136 0.556805 0.341394 0.067193 1
0.820838 0.623391 0.690341 0.252728 0.529169 0.128708 0.987065 1
0.713445 0.593101 0.747412 0.344287 0.687152 0.365694 0.137378 0
0.595988 0.647643 0.602456 0.012269 0.621250 0.823710 0.167699 0
0.436458 0.490250 0.788490 0.533804 0.372570 0.990840 0.223385 0
0.463412 0.163764 0.999045 0.986068 0.951822 0.105009 0.281129 1
0.940893 0.931817 0.288116 0.998131 0.626369 0.046653 0.589537 0
0.245045 0.172426 0.529570 0.777070 0.577694 0.485440 0.410869 1
0.960107 0.831458 0.672471 0.220335 0.611883 0.372379 0.499841 0
0.515470 0.467503 0.848461 0.383777 0.527870 0.721483 0.211515 1
0.311259 0.900538 0.847584 0.704057 0.229422 0.061485 0.401969 0
0.723265 0.569036 0.383758 0.030180 0.782402 0.275815 0.540109 0
0.585619 0.612360 0.453176 0.125931 0.860420 0.603025 0.288981 1
0.564067 0.904217 0.268882 0.763626 0.813550 0.451892 0.604395 0
0.236622 0.091294 0.436057 0.473995 0.081491 0.104289 0.100498 0
0.847714 0.610497 0.502565 0.390684 0.843133 0.602118 0.458534 0
0.131453 0.594597 0.115411 0.669814 0.268940 0.170853 0.867243 0
0.800420 0.157696 0.082958 0.508807 0.417754 0.595287 0.705445 1
0.709907 0.196939 0.159826 0.165464 0.338097 0.368743 0.442845 0
0.869710 0.220086 0.019691 0.244973 0.358825 0.151927 0.233310 0
0.353541 0.500350 0.283482 0.723005 0.554595 0.726208 0.843089 1
0.845821 0.936589 0.454513 0.568661 0.063213 0.767492 0.902501 1
0.879145 0.143335 0.669740 0.708790 0.285486 0.005692 0.882269 0
0.616388 0.857791 0.884543 0.824302 0.648560 0.319486 0.560606 1
0.412349 0.069851 0.066035 0.649937 0.915974 0.407009 0.695084 1
0.022836 0.108057 0.088937 0.783245 0.504484 0.283221 0.087162 1
0.627916 0.864298 0.715792 0.738011 0.493400 0.065122 0.136876 0
0.352242 0.024287 0.017964 0.868677 0.752713 0.732175 0.357488 1
0.382509 0.453429 0.870516 0.070401 0.975114 0.491861 0.836157 1
0.278850 0.884195 0.009916 0.517058 0.182808 0.502382 0.419151 1
0.051473 0.955929 0.391418 0.035866 0.087584 0.524851 0.825177 1
0.062292 0.206381 0.314431 0.991862 0.719066 0.429022 0.993461 1
0.640074 0.447069 0.367150 0.767996 0.269647 0.010464 0.303241 1
0.008020 0.823561 0.033424 0.873230 0.035777 0.688591 0.337866 1
0.117506 0.215044 0.577115 0.385115 0.630901 0.695907 0.062274 1
0.206142 0.739146 0.723808 0.296442 0.808270 0.787741 0.092983 0
0.866219 0.744966 0.099658 0.134325 0.353697 0.752188 0.440075 1
0.983100 0.089622 0.338511 0.817338 0.573408 0.380525 0.476398 1
0.552331 0.707548 0.757616 0.656603 0.506539 0.240646 0.296249 0
0.474177 0.151221 0.109351 0.330759 0.854762 0.754058 0.695672 0
0.737021 0.328819 0.410202 0.135061 0.654841 0.066033 0.485603 0
0.398039 0.291849 0.740439 0.178390 0.667075 0.007458 0.368918 1
0.569231 0.358883 0.437041 0.942711 0.678275 0.198059 0.054547 1
0.688203 0.110409 0.646354 0.829219 0.321138 0.224459 0.904066 0
0.263117 0.170056 0.234058 0.075315 0.199469 0.793752 0.650053 0
0.798294 0.977874 0.699663 0.165686 0.976240 0.386261 0.639769 1
0.613846 0.519521 0.749759 0.086215 0.003098 0.420672 0.111869 0
0.745205 0.895392 0.579893 0.316178 0.447802 0.628547 0.725337 1
0.465878 0.665074 0.155760 0.539154 0.799703 0.583066 0.589600 1
0.174709 0.829192 0.364152 0.176670 0.720541 0.536046 0.638093 1
0.013641 0.770232 0.023691 0.998636 0.822619 0.153991 0.825283 0
0.574327 0.785175 0.811766 0.228686 0.888384 0.788959 0.839969 1
0.736613 0.257421 0.135511 0.442256 0.167266 0.326305 0.971639 0
0.153063 0.947609 0.527922 0.226834 0.618059 0.324001 0.844782 1
0.097560 0.524712 0.838458 0.133780 0.058211 0.057772 0.964048 1
0.025541 0.939344 0.370444 0.993783 0.205833 0.846201 0.770669 1
0.513316 0.646606 0.063677 0.652638 0.956944 0.012775 0.270900 0
0.761993 0.688773 0.215037 0.409826 0.880066 0.214642 0.302827 0
0.077729 0.160690 0.477730 0.654707 0.675172 0.133585 0.512226 1
0.606662 0.399279 0.247563 0.329073 0.259341 0.214368 0.132740 0
0.858158 0.994086 0.840222 0.703287 0.694240 0.424604 0.234931 0
0.351651 0.852733 0.353012 0.076457 0.353210 0.709397 0.694843 1
0.232356 0.849542 0.366249 0.038591 0.532362 0.676003 0.683065 1
0.079118 0.864484 0.789589 0.129523 0.501447 0.809185 0.533714 1
0.913563 0.308382 0.536704 0.200359 0.647884 0.105033 0.220109 1
0.824439 0.494502 0.304498 0.425806 0.656132 0.789438 0.268303 0
0.534481 0.515032 0.723528 0.746419 0.143997 0.140516 0.262462 0
0.599830 0.338821 0.605058 0.654419 0.673512 0.668564 0.575244 1
0.842077 0.642896 0.138483 0.104956 0.278758 0.648502 0.744124 1
0.481697 0.152435 0.237399 0.237316 0.740020 0.690957 0.424648 0
0.247997 0.092456 0.597662 0.821822 0.170935 0.544206 0.931430 0
0.165483 0.312601 0.504187 0.701172 0.671501 0.009533 0.166267 1
0.338579 0.968489 0.702268 0.419879 0.853403 0.173178 0.023648 0
0.477357 0.880572 0.706396 0.630477 0.397878 0.083883 0.739333 1
0.379726 0.931058 0.685431 0.521755 0.178646 0.390561 0.232569 0
0.950329 0.367175 0.325270 0.447153 0.626879 0.065860 0.527285 0
0.083763 0.776611 0.586787 0.244752 0.386067 0.333802 0.996480 1
0.865717 0.003770 0.841199 0.361543 0.598406 0.061980 0.443398 1
0.236766 0.638292 0.218670 0.396618 0.248861 0.677187 0.306779 1
0.406253 0.466894 0.041434 0.752142 0.232766 0.886305 0.920500 1
0.105126 0.383192 0.248351 0.926037 0.915026 0.792623 0.293805 1
0.240592 0.727266 0.480497 0.239226 0.676067 0.798949 0.283626 1
0.429180 0.042886 0.604165 0.273875 0.076807 0.573961 0.847142 0
0.679265 0.452807 0.111575 0.429257 0.949019 0.905579 0.124464 0
0.026129 0.311169 0.785479 0.661274 0.386414 0.813045 0.631544 0
0.198823 0.703008 0.926591 0.751595 0.031752 0.142613 0.905008 1
0.200156 0.702281 0.367031 0.038078 0.295054 0.338798 0.622129 0
0.793178 0.456020 0.571827 0.688878 0.774118 0.614380 0.403880 1
0.194771 0.443109 0.511014 0.003503 0.641264 0.034612 0.438151 1
0.829343 0.218391 0.422957 0.512077 0.429305 0.908970 0.347629 1
0.821101 0.831340 0.821833 0.176574 0.309036 0.870341 0.986206 1
0.142595 0.035889 0.529664 0.199898 0.958876 0.316629 0.868062 1
0.612648 0.588005 0.716564 0.718113 0.625887 0.662558 0.274929 0
0.643677 0.468815 0.543253 0.994300 0.571390 0.975894 0.892223 1
0.675928 0.513107 0.068644 0.945996 0.357893 0.732510 0.709287 1
0.362860 0.939446 0.981524 0.381286 0.374409 0.123809 0.430877 0
0.782051 0.344075 0.662456 0.390846 0.988154 0.381785 0.066269 1
0.510795 0.180067 0.127108 0.148420 0.407743 0.289870 0.569734 0
0.163017 0.286595 0.800779 0.210703 0.812089 0.099018 0.776826 1
0.309585 0.064614 0.516136 0.388865 0.287120 0.485625 0.847787 0
0.252246 0.953740 0.482091 0.813212 0.419946 0.625654 0.984353 1
0.802161 0.136192 0.606883 0.143346 0.252464 0.139033 0.710576 0
0.546194 0.305518 0.732107 0.260628 0.936864 0.486640 0.869595 1
0.850005 0.015137 0.521859 0.790790 0.727929 0.195284 0.140507 1
0.030629 0.680414 0.424176 0.356266 0.202910 0.198404 0.159519 0
0.672515 0.607260 0.148315 0.960088 0.899680 0.373534 0.325677 0
0.719595 0.144304 0.612549 0.815520 0.216009 0.083635 0.824185 0
0.242470 0.729495 0.442771 0.567428 0.940672 0.177878 0.202645 0
0.551589 0.395611 0.810134 0.147767 0.450940 0.629534 0.199833 0
0.368243 0.023438 0.482218 0.448587 0.504713 0.194856 0.489225 0
0.972805 0.276096 0.739450 0.067850 0.261381 0.525665 0.916580 0
0.634190 0.763806 0.587069 0.932347 0.808676 0.988319 0.321538 0
0.596340 0.380047 0.788513 0.244209 0.648138 0.450154 0.405580 1
0.713171 0.097387 0.347756 0.296282 0.567478 0.251044 0.347236 0
0.883654 0.263943 0.619487 0.808094 0.091273 0.773481 0.872323 0
0.406089 0.978396 0.838328 0.635253 0.274425 0.471867 0.933729 1
0.627771 0.864388 0.251370 0.522884 0.472994 0.321178 0.064214 0
0.937718 0.235228 0.032102 0.522776 0.948791 0.865377 0.909709 1
0.134655 0.524444 0.813911 0.471303 0.409651 0.204615 0.541910 1
0.790712 0.417928 0.561116 0.202657 0.073348 0.802228 0.214069 0
0.603888 0.463546 0.308302 0.112285 0.114571 0.753620 0.808761 0
0.396380 0.260730 0.923274 0.148792 0.500897 0.647811 0.885076 1
0.742832 0.324694 0.139071 0.948880 0.318806 0.732191 0.972249 1
0.769521 0.013775 0.363284 0.709843 0.968066 0.762176 0.274659 1
0.095543 0.492403 0.861783 0.642190 0.763244 0.930528 0.346512 1
0.716598 0.320341 0.069524 0.587996 0.027454 0.825726 0.263287 1
0.676645 0.173306 0.959060 0.958195 0.023596 0.929436 0.777115 0
0.904257 0.569861 0.911267 0.067179 0.867279 0.373739 0.799242 1
0.319028 0.092006 0.413368 0.241507 0.573520 0.206080 0.807405 0
0.839799 0.790371 0.310155 0.358762 0.789395 0.044991 0.593505 0
0.674894 0.626193 0.248236 0.581948 0.835018 0.965299 0.920567 1
0.534738 0.944366 0.565848 0.524203 0.925973 0.665625 0.762518 1
0.218088 0.293052 0.742629 0.488629 0.553597 0.526622 0.021566 1
0.759649 0.768788 0.242471 0.837649 0.250742 0.752480 0.144774 1
0.488741 0.597885 0.266263 0.064178 0.524862 0.357272 0.826338 0
0.213458 0.576628 0.457510 0.178360 0.292678 0.249964 0.301266 0
0.515230 0.267603 0.445458 0.770435 0.556644 0.210478 0.143741 1
0.748926 0.872578 0.704180 0.880329 0.199446 0.726194 0.267501 0
0.192261 0.294534 0.891309 0.743615 0.079614 0.076465 0.707420 0
0.213434 0.243456 0.613678 0.485583 0.147565 0.611004 0.369385 0
0.133767 0.193945 0.255242 0.001824 0.340662 0.103506 0.647487 0
0.745068 0.498822 0.757076 0.775503 0.883162 0.473320 0.941111 1
0.194746 0.131755 0.063344 0.985506 0.127573 0.783790 0.536216 1
0.099205 0.182687 0.665343 0.491165 0.483832 0.300377 0.044197 0
0.496120 0.910970 0.382364 0.391003 0.341750 0.119108 0.317609 0
0.828603 0.542363 0.852100 0.122412 0.249280 0.706079 0.453078 0
0.939678 0.026871 0.052413 0.314934 0.051632 0.765877 0.083571 0
0.532354 0.436246 0.179782 0.573510 0.257707 0.903889 0.064291 1
0.388270 0.597804 0.244990 0.857286 0.739874 0.829669 0.264096 1
0.463386 0.303554 0.548903 0.060271 0.620576 0.927033 0.280772 1
0.136998 0.947406 0.422607 0.802133 0.877535 0.726316 0.328208 1
0.113334 0.975198 0.133038 0.221479 0.527997 0.121969 0.445708 0
0.346001 0.995452 0.513523 0.981714 0.883702 0.519458 0.954698 1
0.396187 0.514074 0.379557 0.877740 0.475413 0.288398 0.003655 0
0.740809 0.642425 0.264138 0.647104 0.505760 0.705378 0.550262 1
0.461631 0.092654 0.740387 0.635995 0.101662 0.707641 0.355751 0
0.703081 0.303305 0.562134 0.753558 0.180622 0.159584 0.419243 0
0.252717 0.530579 0.323857 0.117335 0.676253 0.035937 0.845357 0
0.976827 0.449097 0.182713 0.975416 0.170368 0.308083 0.927857 1
0.338317 0.329785 0.716607 0.939934 0.132413 0.033394 0.465009 0
0.329495 0.752495 0.586061 0.735197 0.268896 0.721488 0.736061 1
0.835332 0.066865 0.324420 0.866014 0.912680 0.137396 0.429094 1
0.176185 0.766713 0.512414 0.885024 0.404583 0.702703 0.846582 1
0.662132 0.581723 0.363570 0.554287 0.275987 0.274089 0.301494 0
0.514762 0.272488 0.155055 0.232265 0.394262 0.778109 0.804865 0
0.003545 0.337195 0.049951 0.167572 0.633860 0.725928 0.467493 0
0.403547 0.130147 0.930986 0.197224 0.820768 0.616202 0.162189 1
0.574527 0.412990 0.970984 0.992332 0.024512 0.987333 0.457542 0
0.307493 0.530507 0.547264 0.078357 0.950435 0.149098 0.938007 1
0.875277 0.361666 0.936585 0.794908 0.851309 0.787115 0.514158 1
0.650617 0.285591 0.449951 0.478979 0.889992 0.533141 0.179497 0
0.129259 0.020623 0.091450 0.868593 0.976886 0.725507 0.001941 1
0.339147 0.767939 0.739486 0.755585 0.104292 0.876277 0.637818 1
0.029659 0.421601 0.210693 0.417581 0.545559 0.572096 0.227120 0
0.624660 0.929170 0.902803 0.138022 0.488992 0.494875 0.624039 1
0.501349 0.980159 0.189253 0.831565 0.013372 0.218418 0.179095 0
0.002480 0.170568 0.949176 0.621649 0.446663 0.491092 0.986656 0
0.848472 0.940330 0.172829 0.051824 0.557669 0.873505 0.985102 1
0.172492 0.690954 0.411863 0.845201 0.277045 0.411973 0.351882 0
0.960562 0.317837 0.199579 0.883068 0.139496 0.317934 0.112717 1
0.394190 0.154550 0.260539 0.674356 0.875284 0.449590 0.966752 1
0.189421 0.431896 0.364697 0.366498 0.906706 0.878730 0.760819 0
0.530180 0.094409 0.076619 0.542719 0.681233 0.615119 0.212756 1
0.933739 0.713694 0.097270 0.742840 0.089091 0.634750 0.207807 1
0.172403 0.048167 0.617267 0.748744 0.791392 0.808167 0.434417 1
0.250493 0.194325 0.452417 0.601817 0.794260 0.980305 0.281972 1
0.049753 0.384333 0.564403 0.474068 0.366890 0.848409 0.378790 0
0.332595 0.529064 0.730951 0.949255 0.257437 0.376580 0.683252 1
0.816205 0.829001 0.888480 0.193525 0.991082 0.791555 0.764971 1
0.828980 0.653235 0.146514 0.722371 0.385325 0.691574 0.278733 1
0.109305 0.028483 0.926184 0.090823 0.832018 0.221220 0.937857 1
0.589982 0.427958 0.431545 0.103501 0.105261 0.636896 0.734354 0
0.704717 0.265682 0.424750 0.672947 0.970108 0.629128 0.891761 1
0.064626 0.083833 0.813620 0.473526 0.213503 0.209722 0.861561 0
0.681788 0.475630 0.862972 0.287623 0.213488 0.454328 0.180259 0
0.511375 0.169456 0.475933 0.531698 0.898896 0.213685 0.819531 1
0.192132 0.580866 0.172222 0.854868 0.554383 0.557657 0.341067 1
0.638295 0.105914 0.307158 0.249380 0.861840 0.694720 0.959072 0
0.796648 0.554026 0.719856 0.885026 0.505955 0.300909 0.179311 0
0.207421 0.556562 0.258397 0.982049 0.563219 0.058929 0.267952 0
0.610237 0.885854 0.283198 0.685895 0.439118 0.314789 0.712290 0
0.702264 0.811136 0.603707 0.794797 0.860140 0.843165 0.605970 1
0.601230 0.900844 0.253402 0.251951 0.969577 0.028631 0.229828 0
0.682728 0.016725 0.161242 0.865113 0.989502 0.609899 0.054554 1
0.167523 0.962673 0.487718 0.964585 0.384679 0.865689 0.531199 1
0.513285 0.291018 0.210389 0.066850 0.973648 0.323431 0.618343 0
0.561095 0.188180 0.629574 0.489395 0.481750 0.333317 0.331049 0
0.791198 0.690172 0.318539 0.426013 0.134145 0.499385 0.148494 0
0.593098 0.221113 0.651945 0.342032 0.702498 0.360284 0.574598 1
0.865456 0.972448 0.126063 0.008164 0.725318 0.543557 0.562022 1
0.454178 0.970161 0.819550 0.489321 0.627210 0.499503 0.219533 0
0.192475 0.846529 0.649677 0.064781 0.588364 0.163955 0.354604 0
0.827982 0.625227 0.320597 0.000903 0.543089 0.365936 0.005459 0
0.502792 0.491289 0.316575 0.083816 0.155479 0.195682 0.050585 0
0.899594 0.064070 0.214056 0.623601 0.982072 0.231237 0.870784 1
0.488757 0.078065 0.248305 0.563644 0.225340 0.891301 0.231190 1
0.856499 0.423587 0.409661 0.798908 0.884119 0.828176 0.130916 1
0.102039 0.842846 0.468421 0.175136 0.822119 0.998781 0.385409 1
0.119909 0.843058 0.029449 0.312380 0.611737 0.086842 0.365269 0
0.156853 0.018032 0.749618 0.254014 0.310053 0.513635 0.394043 0
0.843407 0.021866 0.551637 0.626873 0.888406 0.032415 0.942068 1
0.586935 0.585558 0.185094 0.156937 0.734526 0.268690 0.842656 0
0.870901 0.444566 0.019389 0.352763 0.034391 0.163106 0.693311 0
0.029746 0.874306 0.547522 0.113738 0.681184 0.270753 0.950332 1
0.901695 0.968957 0.771347 0.463641 0.062966 0.687706 0.289643 0
0.067451 0.283740 0.876821 0.592137 0.563132 0.088648 0.308286 1
0.746181 0.256251 0.914944 0.279123 0.858333 0.791461 0.507904 1
0.251096 0.287814 0.900452 0.059019 0.918520 0.979979 0.759864 1
0.886641 0.281011 0.381063 0.839527 0.066738 0.151850 0.427449 1
0.800428 0.958599 0.942195 0.559423 0.839868 0.445920 0.212738 0
0.143044 0.643627 0.444839 0.318857 0.542683 0.548819 0.963474 1
0.425541 0.502795 0.498388 0.892063 0.254456 0.146629 0.421317 0
0.363735 0.088184 0.520688 0.508294 0.511517 0.134055 0.233428 1
0.902769 0.807780 0.026548 0.277627 0.758530 0.283163 0.825641 0
0.939305 0.312110 0.292912 0.571080 0.609558 0.871318 0.516130 1
0.536873 0.300441 0.355815 0.742376 0.870102 0.229209 0.411877 1
0.951152 0.568719 0.539521 0.662887 0.647707 0.362706 0.485143 0
0.305397 0.841342 0.149516 0.531538 0.573775 0.989818 0.798338 1
0.454552 0.284774 0.187748 0.945479 0.221891 0.747432 0.211933 1
0.502872 0.523228 0.328582 0.591451 0.385360 0.305014 0.668998 0
0.055305 0.405468 0.427043 0.100632 0.499966 0.118375 0.133841 0
0.593436 0.986745 0.605048 0.226751 0.067377 0.067763 0.591531 1
0.460247 0.498526 0.898452 0.492516 0.597529 0.308883 0.308877 1
0.517762 0.676170 0.806933 0.890587 0.894703 0.362563 0.570579 1
0.358005 0.478423 0.957440 0.085368 0.701274 0.291737 0.026745 1
0.752393 0.279853 0.215870 0.650588 0.229976 0.602922 0.361411 1
0.977922 0.627717 0.188522 0.241141 0.763904 0.172177 0.822561 0
0.157130 0.552548 0.794183 0.009073 0.905433 0.333652 0.490533 0
0.271564 0.485527 0.508250 0.677810 0.407686 0.356306 0.856701 0
0.045882 0.532130 0.586862 0.380738 0.802225 0.603919 0.244189 0
0.100559 0.107281 0.059498 0.491968 0.905346 0.010248 0.795235 0
0.457624 0.291776 0.418265 0.327324 0.582308 0.833080 0.787527 0
0.658828 0.545440 0.889076 0.724398 0.850098 0.918479 0.186979 0
0.132348 0.528070 0.626714 0.982808 0.473935 0.399522 0.180112 0
0.584017 0.194242 0.555377 0.794142 0.634536 0.682743 0.016138 1
0.368993 0.901241 0.899126 0.161795 0.415175 0.827021 0.297451 0
0.022996 0.326528 0.428138 0.502053 0.810338 0.702663 0.573873 1
0.055697 0.889989 0.657148 0.719329 0.750351 0.888581 0.896033 1
0.234665 0.737322 0.874540 0.515450 0.774737 0.462546 0.610122 1
0.571923 0.568522 0.753175 0.894182 0.727908 0.967310 0.298841 0
0.523206 0.431822 0.233523 0.405294 0.630432 0.979671 0.862698 0
0.551093 0.011585 0.143041 0.502323 0.169016 0.503824 0.517977 1
0.901086 0.477098 0.420880 0.629258 0.316744 0.840712 0.888388 1
0.293429 0.319559 0.217293 0.391679 0.354506 0.790280 0.781952 0
0.838480 0.042458 0.235409 0.157356 0.851296 0.052259 0.990605 0
0.220148 0.211428 0.836859 0.399673 0.960829 0.413605 0.900037 1
0.894484 0.539684 0.981915 0.368589 0.606998 0.483405 0.926406 1
0.585315 0.949765 0.646941 0.653235 0.565471 0.642982 0.256204 0
0.774299 0.778086 0.734812 0.562989 0.734662 0.966226 0.433682 0
0.652176 0.859151 0.456298 0.410242 0.686934 0.014227 0.847948 0
0.979215 0.007262 0.681297 0.647673 0.421064 0.277304 0.650636 0
0.407711 0.711152 0.429688 0.322614 0.945833 0.557703 0.678257 1
0.596980 0.813754 0.325154 0.264464 0.483350 0.067588 0.226579 0
0.384179 0.085744 0.016198 0.119717 0.275668 0.674303 0.515643 0
0.091241 0.206541 0.420179 0.529461 0.807537 0.964240 0.936317 1
0.527651 0.376899 0.779268 0.097680 0.945590 0.032640 0.550504 1
0.320114 0.097942 0.404648 0.430632 0.891364 0.634702 0.760190 0
0.576398 0.492919 0.191047 0.876795 0.514393 0.807556 0.681797 1
0.661652 0.207535 0.635805 0.448794 0.618230 0.645251 0.010655 1
0.043327 0.778821 0.797851 0.994422 0.645112 0.886151 0.112878 0
0.047101 0.173493 0.754822 0.912065 0.178897 0.692015 0.763564 0
0.754315 0.378515 0.771135 0.394370 0.225894 0.689532 0.784656 0
0.041536 0.729031 0.756660 0.668278 0.761158 0.341567 0.261432 0
0.499509 0.717376 0.501247 0.471139 0.017054 0.810068 0.920207 1
0.417056 0.033409 0.428394 0.482304 0.046774 0.021334 0.726365 0
0.215664 0.099263 0.751750 0.880276 0.390685 0.154018 0.200460 0
0.115346 0.188669 0.440044 0.918223 0.585739 0.419030 0.402726 1
0.572597 0.912726 0.192652 0.818218 0.557538 0.272668 0.674790 0
0.269328 0.898795 0.939994 0.775582 0.101894 0.502373 0.629062 1
0.582423 0.055970 0.840680 0.711237 0.665196 0.743710 0.045037 1
0.799268 0.128476 0.255920 0.977491 0.583420 0.751628 0.860828 1
0.244617 0.126011 0.641551 0.386659 0.772870 0.103628 0.026806 1
0.045127 0.952412 0.837085 0.483660 0.032093 0.281104 0.082332 0
0.955972 0.334753 0.283123 0.224292 0.688665 0.987789 0.387826 0
0.331792 0.957841 0.600545 0.142340 0.399905 0.017877 0.174389 0
0.542173 0.675014 0.411366 0.880998 0.965788 0.889069 0.737621 1
0.814643 0.022923 0.657506 0.316828 0.348344 0.842263 0.151816 0
0.790463 0.463930 0.808122 0.213190 0.020591 0.036332 0.468646 0
0.395702 0.869207 0.007624 0.281030 0.001531 0.685005 0.139370 1
0.708686 0.361507 0.889528 0.398163 0.335612 0.111693 0.789382 0
0.171297 0.500621 0.936279 0.623730 0.813695 0.257824 0.798308 1
0.380147 0.617860 0.241427 0.885400 0.219283 0.834316 0.391269 1
0.314893 0.522139 0.862729 0.795519 0.746620 0.484724 0.381502 0
0.220049 0.489680 0.448509 0.711853 0.703788 0.957877 0.362747 1
0.471531 0.419907 0.386290 0.505455 0.314231 0.042829 0.664351 1
0.972110 0.547504 0.253175 0.365896 0.821835 0.693650 0.335928 1
0.416517 0.744228 0.813024 0.791990 0.739358 0.559438 0.381168 0
0.911862 0.440385 0.555689 0.195544 0.851859 0.371840 0.376052 1
0.813571 0.622204 0.479509 0.222694 0.512466 0.581106 0.721946 1
0.042241 0.437005 0.525868 0.509172 0.688013 0.084342 0.035233 1
0.879573 0.064442 0.901885 0.922314 0.937290 0.335254 0.046799 1
0.847155 0.260288 0.956910 0.302497 0.455689 0.280650 0.014633 0
0.829915 0.504408 0.188150 0.945903 0.162602 0.951961 0.143030 1
0.891565 0.031894 0.514974 0.799122 0.016275 0.559365 0.434776 0
0.619042 0.148159 0.797344 0.381135 0.611016 0.751153 0.794819 1
0.154596 0.470625 0.761937 0.215603 0.613711 0.667576 0.215663 1
0.009184 0.016383 0.382919 0.918679 0.784587 0.738951 0.342512 1
0.329353 0.792417 0.242587 0.062366 0.178123 0.641748 0.799768 1
0.710220 0.862011 0.643859 0.680721 0.341053 0.944595 0.529823 1
0.967222 0.984583 0.689407 0.724345 0.726641 0.170407 0.668372 1
0.281622 0.621736 0.541883 0.043995 0.153605 0.457337 0.098179 0
0.636206 0.200504 0.405824 0.416797 0.352751 0.913806 0.288977 0
0.819623 0.993337 0.386449 0.206376 0.389016 0.670809 0.082099 1
0.902465 0.260104 0.355330 0.610392 0.416789 0.467963 0.386719 1
0.841182 0.225877 0.822730 0.978138 0.305868 0.207168 0.731983 0
0.116408 0.079549 0.819465 0.833982 0.688044 0.978541 0.868029 1
0.634017 0.253684 0.049742 0.788188 0.972467 0.773525 0.906633 1
0.533718 0.655372 0.491790 0.301121 0.790416 0.675385 0.587687 1
0.805164 0.766727 0.798480 0.615867 0.687055 0.993264 0.759715 1
0.849605 0.097467 0.193734 0.646550 0.263298 0.788538 0.986286 1
0.379041 0.678422 0.614766 0.891999 0.163539 0.990288 0.016608 0
0.781215 0.279857 0.700143 0.419514 0.365838 0.011196 0.822396 0
0.969174 0.695585 0.626229 0.712918 0.961123 0.404623 0.113839 0
0.358735 0.641676 0.060960 0.831456 0.158545 0.579696 0.116130 1
0.283155 0.681640 0.824063 0.457668 0.847081 0.255470 0.523779 1
0.695584 0.175828 0.945152 0.201037 0.736573 0.345498 0.173313 1
0.284218 0.042910 0.132887 0.396515 0.117467 0.813184 0.977412 0
0.558022 0.415457 0.853958 0.329373 0.401795 0.235559 0.718943 0
0.730007 0.647657 0.854965 0.179389 0.874845 0.086483 0.475667 0
0.995470 0.170148 0.513171 0.047971 0.115459 0.914821 0.926414 0
0.778693 0.627968 0.980455 0.707553 0.144786 0.227194 0.891729 1
0.330354 0.182552 0.799671 0.706725 0.470268 0.679822 0.535031 0
0.809180 0.450070 0.215225 0.866679 0.403393 0.813909 0.037716 1
0.214428 0.162970 0.830502 0.989631 0.995484 0.927612 0.803208 1
0.574631 0.868526 0.462607 0.560359 0.620588 0.143315 0.552117 0
0.703462 0.344030 0.050171 0.805131 0.397288 0.996132 0.186187 1
0.249554 0.450448 0.170968 0.824647 0.017657 0.204745 0.703737 1
0.195808 0.976149 0.660206 0.483522 0.571385 0.690181 0.705387 1
0.879030 0.843442 0.800909 0.118840 0.780341 0.209440 0.753075 1
0.865986 0.731067 0.223835 0.626053 0.366848 0.702608 0.892408 1
0.796680 0.878327 0.325047 0.115109 0.188798 0.945344 0.154093 1
0.639276 0.323027 0.447640 0.915930 0.827043 0.777861 0.239203 1
0.339726 0.749399 0.469720 0.347625 0.620249 0.731999 0.897196 1
0.149628 0.181806 0.233429 0.199891 0.111924 0.677828 0.361805 0
0.739552 0.924480 0.138601 0.436440 0.929505 0.549625 0.662872 1
0.229511 0.550731 0.962434 0.498403 0.185828 0.474167 0.615432 1
0.945385 0.725778 0.742335 0.172167 0.069488 0.469443 0.130471 0
0.198838 0.064821 0.648063 0.402243 0.859856 0.320264 0.210587 1
0.137324 0.521971 0.729703 0.291996 0.851933 0.951401 0.835157 1
0.778933 0.554242 0.666578 0.302062 0.330602 0.117918 0.067575 0
0.173152 0.407077 0.133478 0.971455 0.216172 0.607064 0.224052 1
0.027757 0.267620 0.656041 0.361554 0.850913 0.282084 0.752193 1
0.515861 0.238084 0.110152 0.081794 0.796690 0.272309 0.071059 0
0.758829 0.209034 0.932873 0.846273 0.312737 0.453764 0.903583 0
0.655198 0.478417 0.773881 0.723899 0.923404 0.969734 0.410140 1
0.213817 0.721166 0.109419 0.954845 0.887420 0.624919 0.700009 1
0.944228 0.184659 0.056355 0.320660 0.560806 0.707328 0.554180 0
0.098067 0.331422 0.399062 0.728100 0.843255 0.229398 0.606021 1
0.577259 0.469719 0.024195 0.991457 0.121717 0.041856 0.496575 1
0.621131 0.407303 0.559439 0.367569 0.772095 0.204138 0.434393 1
0.465878 0.878832 0.697053 0.519373 0.492760 0.781544 0.985847 1
0.178548 0.773512 0.377628 0.949879 0.718522 0.964830 0.049835 1
0.780981 0.212304 0.391633 0.557189 0.889353 0.113980 0.700707 1
0.987698 0.766720 0.278644 0.405584 0.105109 0.737166 0.956396 1
0.964696 0.913287 0.775783 0.075094 0.089740 0.096942 0.566887 1
0.735937 0.403976 0.253520 0.043751 0.409258 0.313217 0.420704 0
0.494350 0.407686 0.393610 0.949066 0.236087 0.191634 0.672602 1
0.115936 0.406733 0.148412 0.416964 0.495976 0.351166 0.872874 0
0.126049 0.610849 0.919216 0.283099 0.081310 0.348373 0.991002 1
0.883009 0.712716 0.538509 0.458811 0.895524 0.338800 0.976125 1
0.526248 0.188842 0.743353 0.872154 0.526470 0.188195 0.235561 1
0.627132 0.553560 0.706752 0.086946 0.896768 0.958767 0.136553 0
0.080589 0.720345 0.169227 0.612766 0.556792 0.723434 0.682040 1
0.648880 0.155473 0.705279 0.312949 0.454189 0.460416 0.147743 0
0.280456 0.257326 0.275463 0.000958 0.649943 0.858034 0.111769 0
0.860033 0.169231 0.629931 0.112900 0.379273 0.313003 0.939752 0
0.774603 0.185100 0.952073 0.710472 0.108170 0.348188 0.292260 0
0.157760 0.829287 0.212653 0.874160 0.468012 0.917828 0.742507 1
0.402800 0.557885 0.360588 0.866033 0.001933 0.538330 0.455916 1
0.685195 0.577869 0.342818 0.877320 0.859846 0.165777 0.472248 0
0.264668 0.865482 0.000173 0.873878 0.207557 0.742963 0.085439 1
0.282260 0.929573 0.571985 0.000890 0.813684 0.844433 0.748762 1
0.069329 0.136108 0.332927 0.023054 0.922275 0.519391 0.557028 0
0.185161 0.785103 0.757354 0.958079 0.662276 0.106579 0.723833 1
0.609963 0.571985 0.767892 0.017713 0.594570 0.393105 0.542243 1
0.160204 0.267984 0.018965 0.629608 0.650444 0.474174 0.276255 1
0.195004 0.396980 0.293770 0.240800 0.396316 0.791191 0.585935 0
0.280576 0.072499 0.696607 0.693748 0.314603 0.134362 0.831476 0
0.180015 0.415745 0.132982 0.458394 0.579696 0.005464 0.210254 0
0.551505 0.097388 0.026943 0.092526 0.976665 0.437464 0.312231 0
0.731963 0.044308 0.945544 0.375763 0.568174 0.296994 0.609262 1
0.262489 0.469532 0.164230 0.495218 0.247484 0.109302 0.850342 0
0.352460 0.945021 0.807498 0.030855 0.630579 0.442992 0.431209 0
0.248182 0.382257 0.829944 0.145280 0.175392 0.171151 0.192578 0
0.987213 0.658125 0.497037 0.054170 0.351587 0.682324 0.481963 1
0.642353 0.620380 0.033994 0.118545 0.697949 0.318996 0.554771 0
0.237236 0.745194 0.443642 0.428312 0.876602 0.305889 0.211210 0
0.537693 0.270703 0.574591 0.291073 0.339776 0.513906 0.740557 0
0.817716 0.062611 0.565439 0.699533 0.694573 0.982448 0.685798 1
0.406629 0.565674 0.766863 0.155637 0.304874 0.737806 0.976871 1
0.860528 0.201144 0.808261 0.468015 0.678444 0.844281 0.683610 1
0.111113 0.291786 0.054346 0.739240 0.374941 0.096323 0.526815 1
0.275834 0.994550 0.041938 0.950736 0.664083 0.307551 0.877091 0
0.334181 0.467952 0.747638 0.020124 0.185340 0.295485 0.959903 0
0.723530 0.599875 0.256394 0.617977 0.108402 0.686089 0.134702 1
0.646793 0.473152 0.315385 0.452612 0.709847 0.794529 0.175948 0
0.798075 0.996366 0.274954 0.292815 0.346450 0.591645 0.869979 1
0.453723 0.166437 0.615401 0.677278 0.468281 0.308861 0.944010 0
0.176079 0.655432 0.652961 0.273585 0.946338 0.801937 0.657108 1
0.613171 0.653786 0.431505 0.195851 0.649043 0.688588 0.007170 1
0.498753 0.820215 0.525672 0.636846 0.112830 0.190479 0.908805 1
0.963487 0.272940 0.082177 0.112647 0.130578 0.405061 0.133757 0
0.771817 0.220522 0.775782 0.441562 0.404500 0.904279 0.745051 0
0.470227 0.074580 0.473614 0.434865 0.251379 0.098811 0.528490 0
0.969550 0.011330 0.370578 0.275988 0.968743 0.229214 0.347832 0
0.100099 0.607632 0.981004 0.255380 0.787262 0.951551 0.947492 1
0.594063 0.111912 0.847372 0.100337 0.949243 0.150365 0.432621 1
0.109169 0.328303 0.844610 0.666120 0.524980 0.361063 0.840528 1
0.294459 0.423082 0.385828 0.646327 0.753649 0.889456 0.201432 1
0.596084 0.960654 0.111523 0.636923 0.608419 0.584016 0.253568 1
0.989459 0.092017 0.106706 0.700865 0.914059 0.171616 0.302643 1
0.909087 0.438785 0.363797 0.261222 0.903196 0.566781 0.194429 0
0.993300 0.602747 0.683378 0.043273 0.556240 0.744449 0.043875 0
0.472217 0.080540 0.103683 0.349091 0.883332 0.045229 0.815092 0
0.805482 0.320861 0.319221 0.069542 0.782602 0.661525 0.010340 0
0.652919 0.891306 0.706043 0.448661 0.947798 0.178073 0.267522 0
0.039889 0.395902 0.732105 0.180590 0.182363 0.449215 0.552944 0
0.777763 0.234569 0.356717 0.154079 0.964320 0.986668 0.881834 0
0.750994 0.258584 0.708416 0.875848 0.665781 0.492816 0.866358 1
0.198867 0.010470 0.149214 0.688178 0.151743 0.808102 0.503474 1
0.955572 0.649965 0.011753 0.626033 0.226031 0.485261 0.732032 0
0.189108 0.907568 0.468017 0.604621 0.830537 0.874853 0.668014 1
0.190945 0.984299 0.716504 0.374517 0.276616 0.830398 0.489582 0
0.074544 0.564797 0.050542 0.719576 0.070249 0.764777 0.887103 1
0.842527 0.464036 0.838015 0.183211 0.858168 0.214241 0.222168 1
0.898157 0.953764 0.347605 0.106038 0.522455 0.840724 0.878585 1
0.146552 0.167504 0.210241 0.336185 0.934807 0.895116 0.734521 0
0.822011 0.876131 0.938046 0.365171 0.244827 0.245518 0.540302 1
0.495341 0.202493 0.509115 0.473059 0.540400 0.855879 0.095232 1
0.355109 0.823270 0.996279 0.518340 0.668191 0.323660 0.148510 0
0.510945 0.773175 0.118091 0.793089 0.987413 0.169028 0.105350 0
0.084052 0.633930 0.542784 0.518541 0.184614 0.529134 0.145566 0
0.449911 0.646301 0.132721 0.040623 0.280218 0.451019 0.983775 0
0.299782 0.732631 0.952872 0.181493 0.302124 0.125844 0.061107 0
0.296796 0.547350 0.814427 0.514942 0.447513 0.412999 0.593592 1
0.410975 0.181367 0.563434 0.170353 0.320025 0.554651 0.784400 0
0.497178 0.940927 0.822275 0.831857 0.079414 0.005393 0.275696 0
0.225711 0.724509 0.691616 0.816543 0.888151 0.522084 0.820358 1
0.079935 0.983608 0.974715 0.969431 0.579083 0.032372 0.932383 1
0.389202 0.095192 0.926256 0.530892 0.013684 0.192422 0.950758 0
0.002778 0.966693 0.683029 0.006627 0.521284 0.065833 0.670263 1
0.730929 0.241282 0.145496 0.835518 0.235512 0.580301 0.426800 1
0.333928 0.488579 0.052075 0.043635 0.476960 0.164422 0.819145 0
0.304483 0.852944 0.423586 0.814221 0.940129 0.434866 0.434623 0
0.844506 0.393422 0.396352 0.205852 0.084982 0.293657 0.325984 0
0.277977 0.411661 0.512124 0.546355 0.133667 0.309459 0.387336 0
0.311563 0.056636 0.329135 0.675007 0.893237 0.075625 0.142756 1
0.785673 0.774103 0.603703 0.026941 0.289867 0.906959 0.793643 1
0.505622 0.892325 0.515406 0.767267 0.863309 0.959966 0.986036 1
0.319667 0.586949 0.970726 0.687503 0.619390 0.364204 0.534469 1
0.691637 0.368158 0.322054 0.301568 0.169953 0.776671 0.496018 0
0.344282 0.878680 0.900483 0.511228 0.082263 0.903195 0.935959 1
0.518796 0.390506 0.279479 0.532211 0.423490 0.212519 0.958082 1
0.247358 0.247774 0.785508 0.239345 0.123030 0.149254 0.473039 0
0.992746 0.120551 0.497454 0.049719 0.107461 0.002190 0.530238 0
0.043665 0.140599 0.399442 0.176905 0.258382 0.663556 0.564989 0
0.602382 0.763026 0.622476 0.627161 0.490145 0.201704 0.301152 0
0.482645 0.887403 0.296444 0.981510 0.681225 0.454262 0.065734 0
0.435721 0.989156 0.841981 0.528359 0.056934 0.968533 0.927680 1
0.377342 0.604511 0.188459 0.575075 0.939876 0.779101 0.422276 1
0.755683 0.097311 0.754949 0.702000 0.370130 0.600549 0.122173 0
0.030702 0.803877 0.577522 0.250611 0.189563 0.628618 0.209935 0
0.921282 0.422952 0.237589 0.241913 0.669302 0.603915 0.285966 0
0.590192 0.471192 0.862432 0.641221 0.591049 0.843813 0.766970 1
0.410262 0.793226 0.060216 0.089501 0.040432 0.737190 0.362684 1
0.959976 0.781936 0.875966 0.629360 0.012211 0.529572 0.466497 0
0.265339 0.649056 0.149371 0.143793 0.234339 0.962349 0.837933 1
0.280496 0.441950 0.555166 0.981383 0.283497 0.016940 0.927065 0
0.618144 0.204401 0.310443 0.719493 0.251350 0.431329 0.160590 1
0.441923 0.430226 0.843163 0.308520 0.718951 0.432369 0.613578 1
0.560115 0.445577 0.709937 0.650082 0.680485 0.029679 0.438125 1
0.389017 0.789645 0.365850 0.032331 0.093528 0.909677 0.273607 1
0.163284 0.235907 0.969207 0.087612 0.611855 0.100067 0.066145 1
0.820205 0.019885 0.183908 0.923170 0.399239 0.191883 0.064467 1
0.542014 0.161689 0.014088 0.673676 0.988024 0.086606 0.079623 1
0.017883 0.577569 0.089705 0.258643 0.399122 0.023567 0.576071 0
0.687626 0.252665 0.051673 0.335546 0.082660 0.011599 0.843260 0
0.550435 0.004234 0.604099 0.383740 0.515136 0.880957 0.748282 1
0.996068 0.063060 0.008457 0.559053 0.229269 0.084707 0.110945 1
0.652960 0.098565 0.889774 0.338249 0.636646 0.582088 0.822181 1
0.543746 0.553083 0.049717 0.010471 0.312254 0.346096 0.448770 0
0.846502 0.287535 0.466961 0.101692 0.253284 0.259497 0.403103 0
0.312734 0.147365 0.882393 0.655329 0.535835 0.910670 0.472176 1
0.561904 0.136260 0.870075 0.159492 0.566388 0.383422 0.907302 1
0.685803 0.390131 0.220671 0.210905 0.393111 0.749165 0.091345 0
0.806850 0.906572 0.394823 0.821791 0.208325 0.623404 0.327782 1
0.758817 0.177215 0.408304 0.255578 0.467680 0.326707 0.074947 0
0.470349 0.364148 0.632614 0.465331 0.360942 0.540468 0.446226 0
0.787496 0.066142 0.695990 0.237006 0.461208 0.513841 0.503779 0
0.122120 0.740923 0.857772 0.616246 0.595551 0.135641 0.365972 0
0.680917 0.353296 0.098669 0.341719 0.967663 0.287645 0.563348 0
0.592921 0.011977 0.219538 0.684708 0.387719 0.611866 0.830196 1
0.869342 0.511660 0.760180 0.988200 0.764534 0.803990 0.676882 1
0.546776 0.276889 0.372489 0.056023 0.568301 0.953876 0.426681 0
0.393054 0.528155 0.527151 0.538328 0.868902 0.376911 0.672672 1
0.949801 0.678581 0.022045 0.743904 0.917826 0.603488 0.803477 1
0.539450 0.076221 0.362458 0.194753 0.434660 0.558296 0.468709 0
0.785785 0.049646 0.787355 0.305450 0.923170 0.128523 0.428121 1
0.882669 0.920639 0.484414 0.365877 0.280600 0.046059 0.044335 0
0.224758 0.880083 0.574029 0.042064 0.505923 0.309943 0.946859 1
0.326518 0.258080 0.172964 0.887676 0.485260 0.665873 0.140127 1
0.200102 0.994766 0.635537 0.236888 0.028352 0.836871 0.102570 0
0.902184 0.583292 0.518080 0.931528 0.665754 0.715159 0.439428 0
0.734221 0.546856 0.390035 0.656831 0.056958 0.335860 0.797507 0
0.821537 0.905560 0.812376 0.198625 0.012836 0.631952 0.857772 1
0.096123 0.317384 0.607898 0.616836 0.392736 0.365194 0.030291 0
0.080486 0.246873 0.349343 0.396422 0.274853 0.426640 0.975636 0
0.538878 0.744989 0.383737 0.430735 0.083445 0.891122 0.294598 1
0.887740 0.406851 0.786756 0.259001 0.100950 0.933511 0.193723 0
0.390847 0.592413 0.478475 0.349684 0.956415 0.587272 0.533850 1
0.477095 0.637148 0.803423 0.231066 0.095442 0.875684 0.391979 0
0.907323 0.203458 0.791538 0.293819 0.774719 0.874265 0.462719 1
0.743347 0.012758 0.203968 0.616572 0.004017 0.964098 0.495747 1
0.407248 0.518872 0.344023 0.290256 0.460869 0.284012 0.931411 0
0.001720 0.912848 0.269953 0.247207 0.312457 0.655387 0.780685 1
0.016948 0.103630 0.375294 0.395484 0.446851 0.806551 0.214632 0
0.702901 0.437046 0.298986 0.134676 0.873037 0.404117 0.137045 0
0.038561 0.538003 0.824413 0.044279 0.439344 0.007024 0.022687 0
0.728519 0.166127 0.284645 0.490674 0.967942 0.682598 0.369711 0
0.577897 0.695523 0.910960 0.198616 0.038462 0.532868 0.974155 1
0.388021 0.890952 0.906300 0.161173 0.230581 0.311611 0.129177 0
0.868532 0.712478 0.727967 0.488212 0.923985 0.321453 0.205049 0
0.790074 0.930364 0.693443 0.980334 0.727327 0.070524 0.686321 1
0.033217 0.703420 0.069886 0.037253 0.816589 0.533567 0.070415 1
0.992922 0.813873 0.164675 0.991151 0.248475 0.331076 0.902578 0
0.525353 0.961890 0.822819 0.115246 0.274992 0.972847 0.975599 1
0.300497 0.637871 0.129926 0.775087 0.211058 0.423565 0.724320 0
0.188069 0.628397 0.741434 0.781509 0.299083 0.552055 0.365086 0
0.894451 0.079638 0.822779 0.378808 0.031365 0.512870 0.375900 0
0.749945 0.786055 0.375796 0.603709 0.789191 0.100496 0.020172 0
0.334948 0.858799 0.224918 0.438306 0.456731 0.018699 0.699878 0
0.562916 0.459618 0.343483 0.198420 0.685225 0.598866 0.223740 0
0.944001 0.451770 0.950295 0.548778 0.213202 0.453281 0.760782 0
0.683171 0.918338 0.677727 0.454474 0.062305 0.448935 0.642765 1
0.804595 0.416793 0.743939 0.847424 0.319110 0.425400 0.373583 0
0.828472 0.601283 0.657173 0.590742 0.271859 0.436568 0.861141 1
0.090499 0.466528 0.926740 0.874483 0.690586 0.824712 0.951475 1
0.296270 0.621258 0.571059 0.931415 0.428859 0.760216 0.660202 1
0.811305 0.589468 0.164150 0.336898 0.262292 0.141310 0.440472 0
0.424050 0.180128 0.045866 0.985687 0.871997 0.766951 0.723587 1
0.402858 0.956521 0.379078 0.298271 0.947171 0.812291 0.536894 1
0.815434 0.398122 0.859515 0.974536 0.308069 0.706642 0.154345 0
0.267501 0.427398 0.742432 0.816208 0.474239 0.544969 0.801539 0
0.161975 0.094000 0.745311 0.926376 0.376253 0.891665 0.886404 0
0.202685 0.140393 0.175641 0.684112 0.756644 0.821054 0.787092 1
0.757478 0.227103 0.239704 0.755004 0.518140 0.875435 0.930949 1
0.299604 0.045188 0.088847 0.253597 0.575905 0.698509 0.441101 0
0.875849 0.848176 0.769434 0.645427 0.111287 0.218565 0.250570 0
0.501491 0.487527 0.641745 0.305696 0.496843 0.686614 0.164024 0
0.534546 0.194729 0.001767 0.482902 0.174680 0.004448 0.784703 0
0.557022 0.414353 0.836445 0.284785 0.177279 0.456120 0.635002 0
0.211505 0.314075 0.825168 0.603607 0.536806 0.294641 0.147641 1
0.134085 0.407965 0.477360 0.715707 0.337597 0.521377 0.109556 1
0.892977 0.612066 0.266150 0.334465 0.875271 0.064514 0.307466 0
0.752815 0.915273 0.698581 0.149323 0.488168 0.581209 0.660565 1
0.274279 0.381064 0.100966 0.169109 0.136173 0.930888 0.832804 0
0.614935 0.975547 0.957128 0.101102 0.056808 0.163260 0.871305 1
0.801907 0.989536 0.523623 0.502683 0.526600 0.867898 0.401653 0
0.583786 0.657545 0.491870 0.677548 0.606168 0.821165 0.545556 1
0.756868 0.768335 0.030180 0.960081 0.919467 0.259611 0.599773 0
0.909574 0.110096 0.939760 0.826837 0.943259 0.518190 0.982340 1
0.284239 0.742143 0.992266 0.422032 0.422622 0.558821 0.700351 1
0.545143 0.284378 0.948795 0.350629 0.851662 0.380865 0.897536 1
0.225259 0.955294 0.760937 0.898618 0.083938 0.523746 0.364562 0
0.733885 0.400383 0.187057 0.021657 0.720041 0.601422 0.355146 0
0.972724 0.864644 0.506808 0.452461 0.872812 0.603840 0.129201 0
0.311313 0.855346 0.884845 0.713893 0.903257 0.151527 0.335392 0
0.422335 0.146862 0.706470 0.784080 0.871309 0.404144 0.304418 1
0.629755 0.578222 0.465040 0.174331 0.725233 0.501537 0.234286 1
0.026386 0.352114 0.948896 0.179719 0.475871 0.706497 0.248959 0
0.634472 0.284302 0.206705 0.058870 0.047066 0.392270 0.504193 0
0.014366 0.139864 0.763220 0.170800 0.961558 0.679606 0.074072 1
0.398131 0.554960 0.032086 0.912883 0.855004 0.883512 0.865230 1
0.489350 0.309030 0.126494 0.340659 0.361347 0.453938 0.430051 0
0.437781 0.914752 0.885805 0.094118 0.947296 0.521279 0.996970 1
0.155787 0.389623 0.674494 0.943268 0.932062 0.642391 0.693880 1
0.486798 0.693984 0.436663 0.812634 0.859657 0.755677 0.009558 1
0.308966 0.066776 0.993408 0.094154 0.180189 0.878856 0.778301 0
0.818230 0.956883 0.972153 0.431243 0.868047 0.367963 0.708073 1
0.703661 0.265370 0.576126 0.927302 0.915864 0.843887 0.283683 1
0.951249 0.990756 0.556440 0.266493 0.893287 0.475342 0.180699 0
0.246600 0.550250 0.854040 0.317718 0.541125 0.531216 0.055004 0
0.732157 0.303246 0.833941 0.560705 0.367971 0.352375 0.163733 0
0.714087 0.713806 0.402709 0.694796 0.380535 0.433535 0.933142 0
0.746568 0.436180 0.493858 0.245665 0.654358 0.693387 0.272758 0
0.987728 0.274757 0.140415 0.392832 0.348467 0.177073 0.592042 0
0.406900 0.430106 0.027592 0.197427 0.109099 0.576558 0.570449 0
0.899043 0.591034 0.243570 0.934858 0.462682 0.102271 0.254696 0
0.453981 0.931496 0.459882 0.713891 0.591017 0.141525 0.658539 0
0.942617 0.180756 0.596341 0.375403 0.391462 0.091371 0.869589 0
0.019751 0.786620 0.225548 0.595283 0.988464 0.693797 0.119097 1
0.830086 0.405955 0.951081 0.395999 0.058669 0.726515 0.847197 0
0.066997 0.733698 0.676891 0.881313 0.156053 0.575413 0.897669 1
0.347281 0.581811 0.828945 0.306657 0.739197 0.387814 0.832837 1
0.369468 0.670339 0.882243 0.039237 0.552583 0.949319 0.483554 0
0.158914 0.848749 0.645613 0.969942 0.878772 0.751858 0.892634 1
0.790095 0.051005 0.729326 0.190936 0.353028 0.334974 0.052794 0
0.908355 0.111655 0.067032 0.426219 0.169774 0.589206 0.373659 0
0.714788 0.901579 0.256201 0.653873 0.200399 0.914154 0.145852 1
0.189716 0.910303 0.130008 0.252560 0.973738 0.644899 0.096729 1
0.504393 0.183668 0.290086 0.072230 0.741435 0.282519 0.862479 0
0.561573 0.462905 0.214795 0.179797 0.961482 0.388579 0.240178 0
0.971557 0.827097 0.700901 0.631437 0.304358 0.327108 0.983288 1
0.094018 0.512680 0.624495 0.532148 0.324316 0.613513 0.728589 1
0.213369 0.827186 0.015268 0.951719 0.204346 0.367623 0.297924 0
0.517974 0.933959 0.079137 0.954187 0.161073 0.980717 0.641834 1
0.311373 0.299441 0.725592 0.651853 0.808023 0.900729 0.927862 1
0.132735 0.811393 0.416592 0.284947 0.932696 0.872560 0.680875 1
0.829704 0.803149 0.119427 0.202590 0.389417 0.085227 0.325061 0
0.092709 0.576492 0.255137 0.124581 0.215273 0.669803 0.870720 1
0.848411 0.828450 0.306289 0.008260 0.322204 0.035457 0.244969 0
0.622222 0.278608 0.109984 0.785152 0.934076 0.974050 0.415928 1
0.947928 0.563217 0.456042 0.258451 0.507966 0.877248 0.450287 1
0.138157 0.789423 0.341178 0.599062 0.720574 0.445765 0.158949 0
0.460598 0.107340 0.922070 0.640610 0.598227 0.286982 0.663815 1
0.843166 0.132489 0.040673 0.602634 0.321242 0.422478 0.126991 1
0.206897 0.470972 0.581741 0.674955 0.294896 0.080089 0.329172 0
0.487212 0.104853 0.275140 0.464739 0.892401 0.155802 0.457309 0
0.870593 0.009585 0.401643 0.379640 0.402010 0.997306 0.050212 0
0.849541 0.899785 0.231885 0.377286 0.818277 0.159241 0.559800 0
0.736329 0.682459 0.889070 0.933620 0.531179 0.313878 0.305099 0
0.058306 0.795548 0.648653 0.737124 0.658365 0.885398 0.065785 0
0.895837 0.210680 0.615421 0.224980 0.570901 0.690262 0.940984 1
0.678696 0.328925 0.797836 0.336645 0.250583 0.421638 0.517190 0
0.133496 0.132010 0.095824 0.803210 0.278721 0.881568 0.790243 1
0.027351 0.276873 0.765574 0.608511 0.868393 0.902886 0.971609 1
0.588317 0.077658 0.418067 0.072061 0.604452 0.023559 0.991118 0
0.152413 0.842412 0.284625 0.481434 0.527261 0.127987 0.615794 0
0.803675 0.542951 0.432683 0.655836 0.498135 0.914136 0.420416 1
0.757962 0.345477 0.926173 0.012923 0.217685 0.608430 0.915790 0
0.030517 0.218242 0.881733 0.713500 0.720245 0.587875 0.338434 1
0.376254 0.887722 0.768439 0.529635 0.646778 0.047245 0.368680 0
0.060308 0.057198 0.602831 0.308152 0.426113 0.182384 0.124371 0
0.523597 0.773489 0.213766 0.224236 0.004942 0.735470 0.971513 1
0.341335 0.191492 0.510288 0.318367 0.427082 0.321149 0.267068 0
0.832952 0.572538 0.669395 0.919922 0.346507 0.829596 0.692524 1
0.406312 0.184709 0.101590 0.200397 0.772900 0.554387 0.067547 0
0.935418 0.737091 0.767480 0.996109 0.962482 0.037353 0.135061 0
0.144931 0.811903 0.968768 0.160350 0.878092 0.892363 0.086748 0
0.478333 0.657975 0.636534 0.577215 0.147134 0.822091 0.747049 1
0.021208 0.097891 0.972525 0.622613 0.364249 0.611853 0.856596 0
0.032682 0.622130 0.596625 0.125706 0.188618 0.517426 0.318124 0
0.199338 0.466197 0.146043 0.502198 0.977896 0.190712 0.095255 1
0.963850 0.230395 0.120865 0.592655 0.995564 0.483424 0.269344 1
0.570081 0.250033 0.664838 0.913367 0.702206 0.335454 0.033486 1
0.956902 0.435133 0.500902 0.752918 0.925784 0.287217 0.583920 1
0.469231 0.996788 0.733978 0.264693 0.928927 0.577537 0.726109 1
0.152413 0.335407 0.554971 0.658286 0.213975 0.396882 0.393463 0
0.178788 0.404213 0.632050 0.976341 0.515868 0.982095 0.955237 1
0.912077 0.832503 0.468040 0.247050 0.378179 0.920979 0.477264 1
0.060310 0.130968 0.978738 0.278455 0.493467 0.230008 0.917752 0
0.163102 0.799541 0.939898 0.370831 0.170747 0.572421 0.471745 0
0.786856 0.774421 0.987824 0.398003 0.533021 0.738472 0.861537 1
0.023691 0.012102 0.910832 0.707485 0.467224 0.054329 0.487478 0
0.218503 0.531220 0.695912 0.209414 0.951607 0.898952 0.101877 0
0.053166 0.580378 0.866435 0.406470 0.399439 0.254789 0.960799 1
0.442582 0.504771 0.335648 0.254647 0.597006 0.462018 0.157840 0
0.232011 0.994114 0.762928 0.040428 0.610982 0.267583 0.934134 1
0.609136 0.746777 0.662059 0.083836 0.641976 0.796130 0.891604 1
0.933824 0.379142 0.549029 0.149055 0.208816 0.285990 0.606242 0
0.327260 0.165899 0.359297 0.373246 0.050091 0.589693 0.397078 0
0.302010 0.113350 0.461822 0.362192 0.994218 0.116234 0.902041 0
0.608680 0.992118 0.388843 0.038248 0.639006 0.097154 0.141781 0
0.280260 0.567719 0.460238 0.063858 0.241932 0.543186 0.063968 1
0.197058 0.312614 0.156860 0.578222 0.018436 0.187263 0.950774 1
0.716648 0.434439 0.194137 0.605939 0.657799 0.409043 0.006786 1
0.177075 0.877148 0.901487 0.369287 0.282249 0.797152 0.575736 1
0.159483 0.090757 0.576649 0.982940 0.300103 0.492204 0.823504 0
0.301550 0.449436 0.502708 0.130411 0.048804 0.906491 0.076372 0
0.753444 0.075660 0.764765 0.524083 0.577203 0.647626 0.976382 1
0.419824 0.975262 0.647193 0.630817 0.975004 0.826296 0.371208 0
0.935970 0.815148 0.437494 0.794348 0.896630 0.365558 0.578750 0
0.241846 0.270989 0.438832 0.772402 0.732585 0.931125 0.618131 1
0.490038 0.634694 0.832144 0.306511 0.652237 0.216401 0.437860 0
0.379441 0.920574 0.587483 0.435486 0.315202 0.148991 0.776371 1
0.879512 0.193197 0.380922 0.053033 0.473214 0.519327 0.138215 0
0.887303 0.539878 0.914657 0.301854 0.017234 0.116565 0.357496 0
0.335023 0.359209 0.242378 0.415569 0.232633 0.367849 0.617278 0
0.312252 0.892852 0.796162 0.931248 0.373435 0.296943 0.604157 1
0.959911 0.151971 0.795830 0.429999 0.607239 0.543452 0.400936 1
0.061992 0.872617 0.748539 0.220327 0.854365 0.630853 0.032465 0
0.719847 0.106656 0.902391 0.053406 0.323625 0.426254 0.194355 0
0.612357 0.531314 0.143745 0.095805 0.811957 0.984657 0.621717 1
0.174615 0.199518 0.596127 0.926839 0.264550 0.454451 0.486469 0
0.174240 0.651588 0.442477 0.971031 0.955928 0.021737 0.452091 0
0.211494 0.077903 0.317746 0.480227 0.582829 0.107282 0.145820 0
0.625316 0.235204 0.831769 0.065449 0.489095 0.658816 0.560715 0
0.742733 0.841308 0.702961 0.231057 0.888263 0.908936 0.562555 1
0.369991 0.218656 0.726031 0.575694 0.974465 0.106434 0.815647 1
0.974584 0.889939 0.464071 0.737624 0.703536 0.923564 0.972844 1
0.568574 0.340265 0.679662 0.423501 0.270179 0.533100 0.548042 0
0.114038 0.777355 0.992529 0.902614 0.340257 0.320138 0.084179 0
0.972022 0.684651 0.988442 0.969007 0.535579 0.868336 0.821552 1
0.486260 0.628224 0.876220 0.155662 0.345965 0.989806 0.884986 1
0.236071 0.415671 0.024389 0.257370 0.136153 0.887612 0.171457 0
0.374491 0.861424 0.699401 0.116946 0.211924 0.194253 0.388283 0
0.938618 0.014097 0.918545 0.721696 0.201056 0.947342 0.674257 0
0.355386 0.116609 0.744886 0.890004 0.729454 0.389816 0.761458 1
0.726383 0.550368 0.995896 0.466344 0.839277 0.690455 0.932331 1
0.512481 0.475215 0.634995 0.664902 0.772067 0.924422 0.448335 1
0.627154 0.095836 0.109965 0.083016 0.447341 0.581132 0.201318 0
0.790801 0.282897 0.181354 0.255681 0.206695 0.656706 0.627177 0
0.118397 0.866765 0.975760 0.474319 0.263522 0.502890 0.044754 0
0.723028 0.336596 0.390885 0.434154 0.170951 0.929686 0.640308 0
0.919821 0.580555 0.580325 0.152158 0.617622 0.051604 0.813904 1
0.927605 0.620526 0.304543 0.954838 0.897281 0.726059 0.291016 1
0.371172 0.204319 0.761851 0.133240 0.099889 0.645561 0.037244 0
0.247811 0.183689 0.323062 0.093348 0.501529 0.909931 0.082509 0
0.467712 0.331901 0.341446 0.726800 0.991673 0.129301 0.393146 1
0.405956 0.513618 0.922703 0.368824 0.543448 0.257933 0.924005 1
0.002793 0.917045 0.423389 0.614636 0.687321 0.182428 0.400333 0
0.771162 0.545244 0.718925 0.128794 0.877011 0.533971 0.787853 1
0.120066 0.827981 0.763177 0.879577 0.597480 0.383092 0.919631 1
0.073674 0.612757 0.510583 0.042620 0.455380 0.397961 0.168057 0
0.574984 0.270982 0.305630 0.030705 0.440861 0.109642 0.336005 0
0.862852 0.394743 0.252492 0.885042 0.052174 0.762587 0.196483 1
0.783463 0.763441 0.340392 0.847547 0.958662 0.881748 0.063314 1
0.804413 0.462760 0.627639 0.148131 0.692274 0.164435 0.440704 1
0.787479 0.931698 0.106669 0.759643 0.661077 0.315587 0.193396 0
0.065305 0.612485 0.505083 0.354848 0.509396 0.967468 0.948006 1
0.753455 0.726318 0.185768 0.368650 0.281822 0.322324 0.950136 0
0.195629 0.872316 0.940863 0.848503 0.237655 0.357271 0.332757 0
0.508381 0.051133 0.090808 0.693300 0.350251 0.845167 0.477147 1
0.148377 0.630246 0.264288 0.497070 0.146615 0.828962 0.325714 1
0.584724 0.766303 0.680265 0.330839 0.649014 0.011242 0.682364 1
0.402472 0.327286 0.976296 0.400885 0.514956 0.186553 0.542563 1
0.758048 0.485300 0.018345 0.227151 0.055669 0.486617 0.720663 0
0.043547 0.896922 0.632237 0.746920 0.738900 0.256291 0.831734 1
0.153171 0.606083 0.934582 0.575350 0.102629 0.504467 0.449739 0
0.023488 0.715539 0.563026 0.382587 0.581146 0.042989 0.363046 0
0.568739 0.080632 0.978375 0.165084 0.201422 0.460283 0.330887 0
0.284388 0.330432 0.422043 0.768779 0.673884 0.717604 0.744934 1
0.614629 0.448316 0.377321 0.778374 0.124826 0.901347 0.731864 1
0.472263 0.826732 0.372923 0.135652 0.528835 0.708672 0.606321 1
0.148618 0.637021 0.532313 0.990236 0.814997 0.746072 0.203187 0
0.770921 0.498687 0.802750 0.468759 0.386745 0.423898 0.670555 0
0.312095 0.010269 0.639355 0.432288 0.797057 0.735324 0.005162 1
0.940258 0.353058 0.419309 0.876602 0.789003 0.039130 0.912590 1
0.006849 0.835966 0.130810 0.349822 0.123978 0.856891 0.680011 1
0.078196 0.927421 0.591748 0.538070 0.825330 0.896800 0.169478 0
0.619068 0.924887 0.090594 0.816480 0.026132 0.653802 0.181177 1
0.473351 0.704048 0.245171 0.558581 0.117545 0.564261 0.458327 1
0.251555 0.053127 0.759565 0.723621 0.545160 0.486680 0.075088 1
0.525817 0.028289 0.596841 0.471061 0.361391 0.072888 0.630761 0
0.005286 0.460799 0.356128 0.093836 0.396297 0.583521 0.226014 0
0.237823 0.039491 0.983405 0.969735 0.386966 0.230002 0.843911 0
0.167347 0.716013 0.942804 0.953749 0.492988 0.385668 0.363751 0
0.881546 0.045517 0.709799 0.352437 0.599832 0.743436 0.938463 1
0.561087 0.355789 0.889477 0.165770 0.650964 0.237838 0.332703 1
0.804657 0.090595 0.719992 0.557219 0.753389 0.650420 0.526978 1
0.726975 0.331425 0.100541 0.767490 0.051379 0.069974 0.251061 1
0.442868 0.564003 0.690860 0.089977 0.166469 0.592838 0.733445 1
0.325822 0.161469 0.789253 0.845640 0.802680 0.804347 0.416968 1
0.092054 0.431950 0.849923 0.313016 0.191991 0.300854 0.820231 0
0.404162 0.285110 0.592603 0.902153 0.287826 0.600536 0.622079 0
0.615035 0.544976 0.684185 0.395261 0.234009 0.754018 0.712265 1
0.969058 0.530742 0.458980 0.969088 0.110875 0.485858 0.943154 0
0.813405 0.223058 0.828762 0.762337 0.626838 0.963854 0.732932 1
0.013263 0.603029 0.846585 0.463654 0.694564 0.856367 0.592825 1
0.538096 0.121422 0.378338 0.595600 0.909920 0.792412 0.316238 1
0.373942 0.875341 0.463080 0.849395 0.943306 0.601359 0.069752 1
0.208413 0.080469 0.753367 0.157210 0.451554 0.302858 0.702567 0
0.396066 0.460289 0.494334 0.966059 0.360474 0.736645 0.889563 1
0.761970 0.651637 0.098424 0.519014 0.424439 0.078179 0.250865 0
0.320463 0.704697 0.636832 0.446872 0.076144 0.190924 0.195205 0
0.248222 0.784332 0.892368 0.960168 0.611524 0.549676 0.263126 0
0.779312 0.854063 0.344951 0.623394 0.007496 0.252414 0.123494 0
0.760197 0.618631 0.499588 0.317752 0.562745 0.810613 0.157496 1
0.373463 0.412912 0.734627 0.925613 0.172937 0.442590 0.437657 0
0.851576 0.969094 0.282091 0.519692 0.551692 0.647450 0.139664 1
0.951441 0.238249 0.462190 0.212607 0.603652 0.751599 0.073717 0
0.467201 0.359594 0.117713 0.485230 0.187504 0.680136 0.854225 0
0.194522 0.091018 0.004495 0.546756 0.382911 0.368286 0.685119 1
0.358439 0.860979 0.613121 0.810090 0.501087 0.316486 0.691510 1
0.424244 0.086959 0.706323 0.070349 0.752505 0.625688 0.495226 1
0.542354 0.424305 0.275599 0.715653 0.981837 0.320804 0.204795 1
0.183229 0.020242 0.965887 0.040902 0.325942 0.723297 0.712951 0
0.329467 0.298679 0.299066 0.859466 0.101280 0.377652 0.438839 1
0.776445 0.384368 0.840490 0.336026 0.005811 0.408821 0.325686 0
0.252316 0.337033 0.645374 0.864278 0.577328 0.798134 0.122841 1
0.662154 0.938696 0.189648 0.715509 0.688290 0.468450 0.470260 0
0.295432 0.828120 0.885204 0.261914 0.759837 0.958833 0.571118 1
0.575920 0.888554 0.539755 0.853089 0.741791 0.201794 0.794087 1
0.244069 0.268644 0.627491 0.294255 0.962732 0.266374 0.791696 1
0.208994 0.747235 0.257030 0.237145 0.309320 0.331448 0.981198 0
0.553729 0.781236 0.120263 0.815919 0.878265 0.978215 0.337539 1
0.920042 0.821073 0.882052 0.124090 0.106116 0.274491 0.430457 0
0.177647 0.224532 0.008060 0.417308 0.393456 0.474229 0.937845 0
0.655922 0.517347 0.802540 0.881804 0.428607 0.683280 0.128085 0
0.837612 0.594619 0.656069 0.835395 0.244088 0.007065 0.980508 1
0.683793 0.860829 0.698204 0.237270 0.841273 0.066412 0.863428 1
0.742489 0.229643 0.667224 0.343209 0.043154 0.272394 0.361879 0
0.244276 0.241590 0.509984 0.288990 0.342918 0.503100 0.988510 0
0.723632 0.209092 0.793006 0.325180 0.557168 0.858620 0.364566 1
0.103141 0.112112 0.974430 0.844918 0.177851 0.837937 0.318906 0
0.307352 0.856685 0.946567 0.232518 0.379265 0.332148 0.808690 1
0.281632 0.544693 0.656083 0.217080 0.752484 0.655283 0.327954 0
0.945894 0.399853 0.629803 0.917630 0.209834 0.823828 0.370167 0
0.749546 0.592236 0.144013 0.466683 0.345813 0.493480 0.678027 0
0.644877 0.651940 0.259417 0.774456 0.525649 0.610888 0.734116 1
0.270850 0.863016 0.229168 0.150068 0.116059 0.983246 0.390666 1
0.709360 0.021571 0.207723 0.922624 0.867161 0.192246 0.785218 1
0.143926 0.624225 0.247911 0.115472 0.672670 0.637235 0.436781 1
0.229653 0.594098 0.599399 0.650539 0.554175 0.123076 0.853684 1
0.124766 0.271012 0.587290 0.538885 0.151658 0.092901 0.260274 0
0.868895 0.462508 0.175746 0.583540 0.173446 0.169534 0.262429 1
0.628731 0.198614 0.385788 0.814706 0.654386 0.809265 0.613343 1
0.214241 0.249855 0.338467 0.108838 0.655826 0.499998 0.900035 0
0.256802 0.906691 0.951040 0.348210 0.190775 0.126879 0.985509 1
0.724413 0.496753 0.677237 0.315532 0.157730 0.154950 0.461738 0
0.477352 0.626674 0.518443 0.409964 0.387731 0.102406 0.385358 0
0.860349 0.909193 0.709194 0.595861 0.076755 0.541331 0.184269 0
0.729250 0.993024 0.289039 0.110442 0.954739 0.944510 0.536845 1
0.438815 0.160734 0.824641 0.534108 0.182295 0.809475 0.672750 0
0.928847 0.189705 0.716205 0.479585 0.466646 0.555214 0.598224 0
0.735582 0.373341 0.853154 0.116316 0.483636 0.463609 0.507090 0
0.139325 0.175693 0.794366 0.511289 0.490678 0.195574 0.328990 0
0.634303 0.671053 0.929297 0.044249 0.045556 0.105437 0.050757 0
0.848349 0.823482 0.504121 0.930495 0.967937 0.847155 0.325635 0
0.663412 0.600022 0.767061 0.615281 0.628473 0.742644 0.824989 1
0.159384 0.984452 0.149115 0.276974 0.883023 0.756772 0.800668 1
0.798133 0.836472 0.674125 0.958058 0.305445 0.823375 0.581795 1
0.517917 0.081526 0.248110 0.728164 0.605790 0.097862 0.705114 1
0.460684 0.572639 0.280209 0.176682 0.945465 0.356517 0.436736 0
0.804888 0.722431 0.197730 0.825179 0.366400 0.025939 0.590461 0
0.290884 0.657654 0.097619 0.762103 0.401872 0.124298 0.160597 0
0.162374 0.186522 0.909196 0.773746 0.639920 0.466457 0.222138 1
0.233561 0.157479 0.047307 0.125022 0.023094 0.693576 0.790881 0
0.076461 0.294426 0.441193 0.956443 0.511877 0.086266 0.035548 1
0.091280 0.920457 0.615529 0.756916 0.222899 0.656924 0.006938 0
0.156189 0.302441 0.677163 0.091184 0.163599 0.823308 0.854679 0
0.093678 0.509283 0.559737 0.820853 0.294807 0.973034 0.679800 1
0.671140 0.447132 0.275575 0.271818 0.278732 0.595353 0.042010 0
0.581795 0.689318 0.931041 0.714670 0.588238 0.556907 0.228011 0
0.629995 0.752325 0.512035 0.185006 0.101219 0.732463 0.233907 0
0.198930 0.506608 0.462128 0.473935 0.974123 0.266233 0.785197 0
0.633583 0.009904 0.074938 0.382799 0.114059 0.019660 0.321637 0
0.449571 0.837638 0.392768 0.756258 0.913496 0.874828 0.092789 1
0.907567 0.030189 0.391278 0.615864 0.473969 0.350422 0.891456 1
0.917027 0.685165 0.418625 0.210906 0.020028 0.273126 0.684325 0
0.140535 0.131274 0.683231 0.766481 0.143761 0.622802 0.183795 0
0.819893 0.872072 0.547012 0.366821 0.683887 0.420420 0.503692 1
0.716062 0.031338 0.351578 0.093538 0.168219 0.351455 0.797190 0
0.170719 0.438879 0.618207 0.627931 0.891094 0.938286 0.599812 1
0.996724 0.077539 0.627469 0.733753 0.437038 0.399944 0.446129 0
0.859303 0.212314 0.559353 0.019489 0.758376 0.309778 0.348510 1
0.011354 0.186797 0.850842 0.535358 0.960310 0.575481 0.909649 1
0.492799 0.568488 0.103647 0.771367 0.132230 0.746791 0.199280 1
0.875131 0.382346 0.201296 0.362203 0.959344 0.972574 0.217845 0
0.863564 0.298959 0.807629 0.548417 0.269812 0.691211 0.175984 0
0.675965 0.587904 0.738420 0.952369 0.559767 0.171392 0.408810 0
0.649149 0.952356 0.093370 0.217989 0.501942 0.274228 0.872997 0
0.612993 0.822693 0.038939 0.523717 0.508073 0.679529 0.583697 1
0.744634 0.283921 0.649670 0.851380 0.283498 0.021051 0.908530 0
0.421175 0.330985 0.073513 0.487479 0.238847 0.736936 0.941742 0
0.849573 0.130210 0.010199 0.677836 0.508279 0.488022 0.318738 1
0.530686 0.594560 0.498970 0.142211 0.336741 0.909166 0.724585 1
0.275989 0.373865 0.260335 0.132347 0.360549 0.724268 0.612754 0
0.818752 0.262989 0.771914 0.285874 0.833353 0.749137 0.214855 1
0.694232 0.317639 0.514468 0.615298 0.744723 0.911719 0.549166 1
0.471068 0.155065 0.276301 0.031828 0.461659 0.908321 0.122599 0
0.366535 0.664212 0.177175 0.932815 0.975137 0.402577 0.201174 0
0.096579 0.397075 0.546393 0.990265 0.412364 0.369468 0.124756 0
0.268842 0.792377 0.827703 0.172947 0.292808 0.897904 0.655897 1
0.512065 0.497113 0.572793 0.194404 0.679765 0.534420 0.269273 1
0.098705 0.833062 0.485162 0.357624 0.167693 0.729544 0.735183 1
0.360005 0.092455 0.189630 0.054954 0.431693 0.085102 0.541039 0
0.281302 0.516957 0.810966 0.866855 0.488514 0.629110 0.694305 1
0.152223 0.262302 0.994083 0.413243 0.342041 0.541731 0.909597 0
0.920434 0.258818 0.853961 0.978060 0.690316 0.760206 0.582887 1
0.154189 0.431536 0.346873 0.903956 0.880436 0.163072 0.194156 1
0.182127 0.880368 0.305961 0.382486 0.865690 0.973677 0.013149 1
0.146840 0.955118 0.774236 0.572502 0.831726 0.431113 0.856917 1
0.514377 0.857138 0.385582 0.677225 0.925859 0.001090 0.268317 0
0.636489 0.078505 0.779154 0.892712 0.640278 0.341175 0.337567 1
0.109764 0.032037 0.986858 0.062669 0.151362 0.067557 0.549262 0
0.252985 0.635992 0.932856 0.775339 0.374908 0.922373 0.091712 0
0.820546 0.930581 0.876349 0.002825 0.191142 0.541523 0.180342 0
0.679045 0.328502 0.138403 0.411346 0.211364 0.662896 0.846014 0
0.113397 0.142922 0.325103 0.778465 0.439995 0.542299 0.482524 1
0.181043 0.044155 0.554293 0.605650 0.200248 0.330285 0.630256 0
0.171332 0.753122 0.374923 0.638362 0.962796 0.380104 0.833453 0
0.045364 0.631916 0.444292 0.799349 0.689640 0.958719 0.035487 1
0.168242 0.734181 0.875770 0.858975 0.302693 0.438446 0.307296 0
0.932295 0.741838 0.253814 0.135745 0.912513 0.765207 0.971952 1
0.312113 0.326052 0.019227 0.033080 0.007054 0.620747 0.901703 0
0.842065 0.387647 0.535732 0.531662 0.849087 0.915525 0.327440 1
0.062000 0.911786 0.969583 0.568617 0.350863 0.161211 0.703999 1
0.181658 0.621222 0.083435 0.614965 0.934377 0.148434 0.691503 0
0.708815 0.965747 0.690742 0.487631 0.133559 0.961386 0.047822 0
0.597909 0.565179 0.145507 0.221193 0.958858 0.482968 0.149961 0
0.328926 0.428555 0.918031 0.599212 0.141872 0.934250 0.813685 0
0.340116 0.540823 0.467825 0.490368 0.534908 0.121392 0.552088 0
0.858958 0.017160 0.984089 0.218954 0.500068 0.117958 0.168624 1
0.263022 0.565330 0.457978 0.867260 0.615955 0.614685 0.058110 1
0.906883 0.094231 0.869764 0.680292 0.022980 0.095263 0.331180 0
0.326836 0.816314 0.322293 0.242948 0.827551 0.857953 0.470973 1
0.642379 0.860558 0.454529 0.133442 0.920196 0.372431 0.485726 0
0.508194 0.287432 0.903465 0.463024 0.891923 0.156914 0.746157 1
0.710701 0.045226 0.750252 0.885707 0.957996 0.275587 0.606750 1
0.316481 0.746839 0.380252 0.654872 0.667810 0.728220 0.739085 1
0.288672 0.606322 0.872317 0.098993 0.930448 0.623499 0.748965 1
0.351886 0.071887 0.002702 0.399175 0.785721 0.905025 0.870256 0
0.476598 0.917802 0.905298 0.724037 0.878324 0.232210 0.079973 0
0.480096 0.133559 0.633097 0.410379 0.058260 0.629935 0.073166 0
0.690790 0.104305 0.610766 0.199501 0.474798 0.540887 0.644912 0
0.611526 0.950781 0.621372 0.923577 0.189025 0.060668 0.069116 0
0.869531 0.312689 0.750187 0.718547 0.427970 0.953018 0.896734 0
0.456444 0.763484 0.486246 0.175408 0.237440 0.927108 0.222730 1
0.867633 0.587144 0.380205 0.539623 0.598972 0.614411 0.303078 1
0.755288 0.305386 0.951769 0.448162 0.361290 0.924484 0.799516 0
0.802765 0.033950 0.823417 0.397634 0.572334 0.736300 0.749930 1
0.604168 0.604904 0.315293 0.558917 0.282195 0.415031 0.322719 0
0.046431 0.190244 0.544785 0.334342 0.206143 0.787202 0.027750 0
0.229897 0.794019 0.469217 0.388622 0.487095 0.350938 0.698455 0
0.464910 0.217098 0.395878 0.125212 0.987722 0.151372 0.703202 0
0.136362 0.273717 0.956772 0.274013 0.445179 0.258964 0.246358 0
0.899873 0.088326 0.895188 0.581581 0.275575 0.327436 0.071345 0
0.697229 0.110737 0.847369 0.135983 0.717883 0.818254 0.091331 1
0.136770 0.422514 0.606240 0.288873 0.519156 0.266276 0.680170 1
0.946247 0.974701 0.636350 0.598512 0.520619 0.054793 0.407112 0
0.971848 0.350536 0.968971 0.133915 0.980462 0.449015 0.090835 1
0.516320 0.573433 0.971899 0.322519 0.642451 0.969023 0.861327 1
0.158304 0.489679 0.370568 0.270654 0.711607 0.489612 0.863928 0
0.718092 0.745391 0.663663 0.894143 0.329212 0.210429 0.229305 0
0.211537 0.435662 0.180282 0.117450 0.735907 0.707361 0.552592 0
0.484904 0.130376 0.083729 0.421569 0.299855 0.334401 0.436400 0
0.977539 0.400684 0.821978 0.011584 0.084989 0.712050 0.398903 0
0.249219 0.748925 0.673735 0.656998 0.087899 0.007505 0.815705 1
0.385188 0.387325 0.517291 0.586508 0.057580 0.829585 0.749909 0
0.911001 0.168353 0.462247 0.246139 0.863521 0.071946 0.391311 0
0.104777 0.129274 0.359946 0.582172 0.505835 0.098694 0.840944 1
0.991872 0.139814 0.756874 0.132981 0.388934 0.564605 0.537578 0
0.174739 0.641257 0.910642 0.670144 0.753649 0.525343 0.767312 1
0.306146 0.380218 0.577823 0.849317 0.553107 0.550572 0.264815 1
0.408539 0.073483 0.253717 0.373439 0.487917 0.648696 0.385074 0
0.748825 0.064175 0.178567 0.380253 0.359130 0.846164 0.269541 0
0.287215 0.702022 0.335158 0.289996 0.133735 0.672011 0.353186 1
0.434777 0.398815 0.868927 0.496278 0.526045 0.532380 0.227722 1
0.238392 0.301650 0.600344 0.115081 0.457494 0.420361 0.103093 0
0.387925 0.346700 0.079627 0.531371 0.355249 0.978802 0.994192 1
0.291548 0.570643 0.452212 0.342746 0.771718 0.802087 0.705598 1
0.881442 0.841644 0.904834 0.081850 0.849823 0.184032 0.118627 0
0.146637 0.311149 0.194794 0.226466 0.562135 0.451231 0.311139 0
0.801568 0.475391 0.884471 0.229673 0.054921 0.889955 0.287335 0
0.172041 0.224450 0.603126 0.953040 0.199146 0.772365 0.209866 0
0.842990 0.568420 0.323385 0.041511 0.220799 0.990751 0.700412 1
0.523955 0.974803 0.251307 0.032904 0.535772 0.437246 0.825220 0
0.311371 0.709514 0.357131 0.955070 0.461568 0.889085 0.980875 1
0.315716 0.643736 0.766056 0.996961 0.671969 0.279088 0.503277 1
0.429434 0.130337 0.504391 0.912520 0.394429 0.667886 0.256280 0
0.892356 0.886123 0.343850 0.007852 0.276052 0.549316 0.907708 1
0.647076 0.137246 0.458361 0.622664 0.013097 0.457696 0.254994 1
0.749761 0.502631 0.691530 0.641796 0.692291 0.661828 0.396807 0
0.482300 0.071727 0.682656 0.661335 0.801650 0.015906 0.597418 1
0.680984 0.756713 0.133534 0.463809 0.850625 0.226319 0.250876 0
0.583717 0.025063 0.739595 0.670595 0.883226 0.340860 0.636226 1
0.972812 0.723900 0.535686 0.721662 0.500575 0.387842 0.136525 0
0.227437 0.068840 0.936682 0.092065 0.246461 0.862578 0.968802 0
0.252060 0.497989 0.187815 0.294503 0.608575 0.421574 0.682284 0
0.991635 0.156964 0.970228 0.512477 0.654138 0.651967 0.606104 1
0.976683 0.384668 0.859369 0.481605 0.084022 0.112243 0.609095 0
0.659026 0.294734 0.400995 0.075933 0.133376 0.404953 0.917270 0
0.286931 0.992343 0.745939 0.867621 0.735329 0.673744 0.072652 0
0.317848 0.144827 0.315976 0.317468 0.378318 0.185671 0.613870 0